#time,accel_x,accel_y,accel_z
1664.294900,766.095498,-0.000000,9474.636058
1664.295218,612.876398,-296.082377,9474.636058
1664.295535,612.876398,296.082377,9326.594869
1664.295853,842.705048,370.102971,9474.636058
1664.296170,766.095498,222.061783,9474.636058
1664.296488,766.095498,296.082377,9474.636058
1664.296805,919.314598,148.041188,9474.636058
1664.297123,612.876398,148.041188,9474.636058
1664.297441,612.876398,296.082377,9548.656652
1664.297758,536.266849,444.123565,9400.615463
1664.298076,842.705048,222.061783,9474.636058
1664.298393,766.095498,222.061783,9400.615463
1664.298711,612.876398,148.041188,9400.615463
1664.299028,612.876398,296.082377,9474.636058
1664.299346,459.657299,222.061783,9252.574275
1664.299663,689.485948,222.061783,9474.636058
1664.299981,842.705048,-0.000000,9548.656652
1664.300298,689.485948,296.082377,9474.636058
1664.300616,612.876398,370.102971,9400.615463
1664.300934,689.485948,148.041188,9400.615463
1664.301251,919.314598,296.082377,9474.636058
1664.301569,842.705048,222.061783,9474.636058
1664.301886,842.705048,296.082377,9326.594869
1664.302204,842.705048,148.041188,9474.636058
1664.302521,459.657299,74.020594,9474.636058
1664.302839,689.485948,296.082377,9474.636058
1664.303156,612.876398,222.061783,9326.594869
1664.303474,919.314598,-0.000000,9252.574275
1664.303791,842.705048,222.061783,9474.636058
1664.304109,766.095498,148.041188,9252.574275
1664.304426,842.705048,222.061783,9252.574275
1664.304744,842.705048,-148.041188,9400.615463
1664.305062,995.924147,296.082377,9474.636058
1664.305379,919.314598,296.082377,9474.636058
1664.305697,612.876398,148.041188,9326.594869
1664.306014,1378.971896,-0.000000,9770.718434
1664.306332,842.705048,222.061783,9474.636058
1664.306649,766.095498,-0.000000,9400.615463
1664.306967,766.095498,148.041188,9400.615463
1664.307284,689.485948,-0.000000,9474.636058
1664.307602,536.266849,-0.000000,9622.677246
1664.307919,766.095498,222.061783,9178.553681
1664.308237,919.314598,-0.000000,9178.553681
1664.308555,689.485948,148.041188,9474.636058
1664.308872,536.266849,148.041188,9474.636058
1664.309190,1149.143247,-0.000000,9326.594869
1664.309507,689.485948,296.082377,9400.615463
1664.309825,689.485948,222.061783,9326.594869
1664.310142,689.485948,148.041188,9474.636058
1664.310460,842.705048,148.041188,9326.594869
1664.310777,1149.143247,-0.000000,9326.594869
1664.311095,842.705048,222.061783,9474.636058
1664.311412,766.095498,-0.000000,9326.594869
1664.311730,766.095498,222.061783,9474.636058
1664.312048,995.924147,-0.000000,9474.636058
1664.312365,383.047749,-0.000000,9770.718434
1664.312683,612.876398,148.041188,9326.594869
1664.313000,612.876398,-0.000000,9474.636058
1664.313318,612.876398,222.061783,9326.594869
1664.313635,995.924147,370.102971,9326.594869
1664.313953,766.095498,-0.000000,9548.656652
1664.314270,689.485948,-0.000000,9252.574275
1664.314588,536.266849,-0.000000,9326.594869
1664.314905,229.828649,-370.102971,9252.574275
1664.315223,0.000000,-592.164754,9400.615463
1664.315540,0.000000,-222.061783,9622.677246
1664.315858,0.000000,-592.164754,9474.636058
1664.316176,0.000000,-592.164754,9326.594869
1664.316493,0.000000,-518.144159,9326.594869
1664.316811,-612.876398,-518.144159,8882.471304
1664.317128,-229.828649,-962.267725,9326.594869
1664.317446,-536.266849,-518.144159,8734.430116
1664.317763,-536.266849,-888.247130,8586.388927
1664.318081,-612.876398,-1184.329507,8660.409521
1664.318398,-689.485948,-1184.329507,8882.471304
1664.318716,-919.314598,-1554.432478,9252.574275
1664.319033,-689.485948,-1258.350101,9252.574275
1664.319351,-919.314598,-814.226536,9104.533087
1664.319669,-612.876398,-370.102971,8660.409521
1664.319986,-459.657299,-370.102971,8216.285956
1664.320304,-229.828649,-74.020594,8216.285956
1664.320621,-536.266849,-592.164754,7920.203579
1664.320939,-842.705048,-888.247130,7920.203579
1664.321256,-689.485948,-1628.453072,8660.409521
1664.321574,-1225.752797,-1924.535449,8956.491898
1664.321891,-1225.752797,-1924.535449,9252.574275
1664.322209,-1149.143247,-1628.453072,9474.636058
1664.322526,-1149.143247,-814.226536,9030.512492
1664.322844,-1072.533697,-148.041188,8512.368333
1664.323161,-842.705048,-370.102971,8290.306550
1664.323479,-1072.533697,-592.164754,8290.306550
1664.323797,-1762.019645,-1480.411884,8290.306550
1664.324114,-1762.019645,-2368.659014,8956.491898
1664.324432,-2145.067394,-3108.864956,9696.697840
1664.324749,-2757.943793,-3478.967927,10881.027347
1664.325067,-2911.162892,-3701.029710,10584.944971
1664.325384,-3064.381992,-3330.926739,10658.965565
1664.325702,-3447.429741,-3108.864956,10584.944971
1664.326019,-2987.772442,-2812.782580,10584.944971
1664.326337,-3064.381992,-2886.803174,10362.883188
1664.326654,-2681.334243,-2812.782580,10436.903782
1664.326972,-2757.943793,-3404.947333,10881.027347
1664.327290,-2834.553343,-3330.926739,10807.006753
1664.327607,-2681.334243,-3627.009116,10066.800811
1664.327925,-2911.162892,-4145.153275,10584.944971
1664.328242,-3140.991542,-4293.194464,11547.212695
1664.328560,-3064.381992,-4071.132681,11547.212695
1664.328877,-2987.772442,-3997.112087,11695.253884
1664.329195,-2451.505594,-3997.112087,11991.336260
1664.329512,-2681.334243,-3552.988522,12657.521608
1664.329830,-2451.505594,-3182.885551,12213.398043
1664.330147,-2374.896044,-2664.741391,11621.233289
1664.330465,-2374.896044,-2368.659014,10584.944971
1664.330782,-2145.067394,-2442.679609,9696.697840
1664.331100,-1685.410096,-2294.638420,9844.739029
1664.331418,-1838.629195,-2738.761985,9918.759623
1664.331735,-1991.848295,-3701.029710,10807.006753
1664.332053,-2298.286494,-4589.276840,11695.253884
1664.332370,-1991.848295,-4145.153275,11843.295072
1664.332688,-1991.848295,-3478.967927,11251.130318
1664.333005,-2298.286494,-3330.926739,10362.883188
1664.333323,-1762.019645,-2886.803174,9548.656652
1664.333640,-1532.190996,-2368.659014,8882.471304
1664.333958,-919.314598,-2220.617826,8216.285956
1664.334275,-919.314598,-2294.638420,7920.203579
1664.334593,-919.314598,-2886.803174,8586.388927
1664.334911,-1608.800546,-3330.926739,8364.327145
1664.335228,-2298.286494,-4367.215058,7994.224174
1664.335546,-2528.115143,-4145.153275,8660.409521
1664.335863,-2374.896044,-3923.091493,8660.409521
1664.336181,-2681.334243,-3034.844362,7920.203579
1664.336498,-2068.457845,-2664.741391,7994.224174
1664.336816,-1762.019645,-3701.029710,8364.327145
1664.337133,-2221.676944,-3701.029710,8808.450710
1664.337451,-1455.581446,-3404.947333,9178.553681
1664.337768,-1378.971896,-2146.597232,8290.306550
1664.338086,76.609550,-1776.494261,8290.306550
1664.338403,153.219100,-1110.308913,7698.141797
1664.338721,383.047749,-444.123565,7550.100608
1664.339039,842.705048,-814.226536,7846.182985
1664.339356,766.095498,-1480.411884,7624.121203
1664.339674,1225.752797,-888.247130,7254.018232
1664.339991,1072.533697,-666.185348,7402.059420
1664.340309,306.438199,-1332.370696,7179.997637
1664.340626,153.219100,-2812.782580,7994.224174
1664.340944,-766.095498,-2960.823768,8882.471304
1664.341261,-689.485948,-2442.679609,9918.759623
1664.341579,-995.924147,-1406.391290,9474.636058
1664.341896,-1608.800546,-666.185348,9474.636058
1664.342214,-2068.457845,-1258.350101,9918.759623
1664.342532,-3064.381992,-1332.370696,9548.656652
1664.342849,-3524.039291,-962.267725,9474.636058
1664.343167,-3600.648841,-1036.288319,9104.533087
1664.343484,-3983.696590,-1702.473667,9548.656652
1664.343802,-3600.648841,-1776.494261,10140.821405
1664.344119,-3907.087040,-2294.638420,11325.150913
1664.344437,-4060.306139,-2516.700203,11695.253884
1664.344754,-3753.867940,-2294.638420,12139.377449
1664.345072,-2987.772442,-1258.350101,11917.315666
1664.345389,-1991.848295,-0.000000,11029.068536
1664.345707,-1072.533697,296.082377,10732.986159
1664.346024,-383.047749,814.226536,10214.842000
1664.346342,536.266849,1406.391290,9104.533087
1664.346660,766.095498,1480.411884,8512.368333
1664.346977,1378.971896,370.102971,9178.553681
1664.347295,1532.190996,-814.226536,9696.697840
1664.347612,536.266849,-1628.453072,9474.636058
1664.347930,0.000000,-1924.535449,9548.656652
1664.348247,-229.828649,-2368.659014,10510.924376
1664.348565,-612.876398,-2220.617826,10955.047942
1664.348882,-536.266849,-2072.576638,9992.780217
1664.349200,-2145.067394,-1184.329507,9918.759623
1664.349517,-2068.457845,-1776.494261,10584.944971
1664.349835,-2451.505594,-2072.576638,11843.295072
1664.350153,-1991.848295,-2516.700203,12435.459826
1664.350470,-2374.896044,-2442.679609,12213.398043
1664.350788,-2528.115143,-2368.659014,12213.398043
1664.351105,-1762.019645,-1628.453072,12213.398043
1664.351423,-383.047749,-814.226536,11843.295072
1664.351740,1149.143247,-962.267725,10362.883188
1664.352058,919.314598,-962.267725,9770.718434
1664.352375,1608.800546,-296.082377,9030.512492
1664.352693,2221.676944,-370.102971,8660.409521
1664.353010,2298.286494,-888.247130,7031.956449
1664.353328,2221.676944,-1776.494261,7328.038826
1664.353645,459.657299,-2220.617826,7920.203579
1664.353963,-689.485948,-1628.453072,6587.832884
1664.354281,-2145.067394,-2220.617826,6883.915261
1664.354598,-2834.553343,-3404.947333,9400.615463
1664.354916,-3907.087040,-3256.906145,10214.842000
1664.355233,-4979.620737,-3552.988522,10436.903782
1664.355551,-5439.278036,-3923.091493,11399.171507
1664.355868,-5132.839837,-4515.256246,12435.459826
1664.356186,-4290.134789,-3330.926739,11991.336260
1664.356503,-2834.553343,-1924.535449,10955.047942
1664.356821,-1915.238745,-888.247130,9696.697840
1664.357138,-612.876398,-1184.329507,9030.512492
1664.357456,153.219100,-370.102971,6883.915261
1664.357773,1685.410096,-370.102971,6069.688724
1664.358091,995.924147,-1332.370696,5255.462188
1664.358408,383.047749,-2220.617826,3923.091493
1664.358726,-995.924147,-2886.803174,4885.359217
1664.359043,-1838.629195,-4663.297435,6513.812290
1664.359361,-3217.601092,-5699.585753,6883.915261
1664.359678,-4443.353888,-6587.832884,8808.450710
1664.359996,-4903.011187,-6809.894666,10955.047942
1664.360313,-5745.716235,-6439.791695,11843.295072
1664.360631,-4903.011187,-5995.668130,13175.665768
1664.360948,-3447.429741,-3923.091493,12879.583391
1664.361266,-2374.896044,-2146.597232,11325.150913
1664.361583,-536.266849,-1036.288319,10807.006753
1664.361901,1149.143247,-296.082377,9474.636058
1664.362218,2451.505594,814.226536,7031.956449
1664.362536,3983.696590,444.123565,5329.482782
1664.362853,3370.820191,-814.226536,5625.565159
1664.363171,2528.115143,-2220.617826,5403.503377
1664.363488,1608.800546,-3701.029710,6069.688724
1664.363806,0.000000,-5181.441594,8068.244768
1664.364123,-1762.019645,-5255.462188,8734.430116
1664.364441,-2068.457845,-5403.503377,10362.883188
1664.364758,-2911.162892,-5033.400406,11547.212695
1664.365076,-3524.039291,-4515.256246,12805.562797
1664.365393,-3447.429741,-3034.844362,12953.603985
1664.365711,-3064.381992,-1776.494261,12509.480420
1664.366028,-2221.676944,-0.000000,11177.109724
1664.366346,-1149.143247,1036.288319,9696.697840
1664.366663,229.828649,148.041188,9622.677246
1664.366981,1685.410096,-962.267725,8216.285956
1664.367298,1378.971896,-740.205942,7698.141797
1664.367616,2681.334243,-1258.350101,8364.327145
1664.367933,2451.505594,-592.164754,7698.141797
1664.368251,2757.943793,-2442.679609,8956.491898
1664.368568,2298.286494,-1480.411884,9178.553681
1664.368886,1378.971896,-518.144159,10288.862594
1664.369203,1838.629195,518.144159,10732.986159
1664.369521,919.314598,1258.350101,9474.636058
1664.369838,919.314598,2072.576638,9992.780217
1664.370156,1608.800546,2738.761985,9992.780217
1664.370473,689.485948,2442.679609,7994.224174
1664.370791,995.924147,1110.308913,9252.574275
1664.371108,459.657299,-518.144159,9326.594869
1664.371426,1072.533697,-592.164754,8956.491898
1664.371743,1225.752797,-814.226536,9622.677246
1664.372061,766.095498,-592.164754,9918.759623
1664.372378,1225.752797,-592.164754,9770.718434
1664.372696,306.438199,296.082377,9548.656652
1664.373013,383.047749,1110.308913,10955.047942
1664.373331,459.657299,2664.741391,10658.965565
1664.373648,536.266849,4071.132681,10140.821405
1664.373966,995.924147,4219.173869,10362.883188
1664.374283,1302.362347,3552.988522,11621.233289
1664.374601,612.876398,3256.906145,10140.821405
1664.374918,1072.533697,3552.988522,9474.636058
1664.375236,842.705048,2886.803174,8882.471304
1664.375553,766.095498,2368.659014,8216.285956
1664.375871,1072.533697,962.267725,7698.141797
1664.376188,0.000000,-0.000000,7328.038826
1664.376506,-842.705048,-1406.391290,8142.265362
1664.376823,-995.924147,-1924.535449,8882.471304
1664.377141,-1225.752797,-1924.535449,9992.780217
1664.377458,-2298.286494,-962.267725,10955.047942
1664.377776,-2604.724693,-296.082377,12139.377449
1664.378093,-2068.457845,888.247130,13323.706956
1664.378411,-1225.752797,1850.514855,13471.748144
1664.378728,0.000000,2960.823768,12361.439231
1664.379046,536.266849,5181.441594,11177.109724
1664.379363,2298.286494,5477.523971,9474.636058
1664.379681,3600.648841,4441.235652,7105.977043
1664.379998,3600.648841,3404.947333,5255.462188
1664.380316,3983.696590,1110.308913,6217.729913
1664.380633,2911.162892,-0.000000,5033.400406
1664.380951,2068.457845,-1924.535449,6069.688724
1664.381268,1072.533697,-3108.864956,9178.553681
1664.381586,0.000000,-3404.947333,9992.780217
1664.381903,-919.314598,-3404.947333,10807.006753
1664.382221,-1225.752797,-3330.926739,13619.789333
1664.382538,-1072.533697,-2072.576638,14952.160028
1664.382856,0.000000,296.082377,13915.871710
1664.383173,766.095498,3256.906145,11621.233289
1664.383491,1838.629195,4145.153275,10510.924376
1664.383808,2604.724693,4367.215058,9178.553681
1664.384126,4060.306139,3997.112087,6957.935855
1664.384443,4903.011187,3182.885551,4959.379811
1664.384761,4596.572988,888.247130,5255.462188
1664.385078,3753.867940,-1850.514855,5995.668130
1664.385396,2681.334243,-3627.009116,6661.853478
1664.385713,1991.848295,-4811.338623,8438.347739
1664.386031,919.314598,-5033.400406,9622.677246
1664.386348,229.828649,-4145.153275,10436.903782
1664.386666,-536.266849,-2368.659014,11991.336260
1664.386983,-306.438199,-1184.329507,12213.398043
1664.387301,-76.609550,888.247130,12583.501014
1664.387618,459.657299,2812.782580,10807.006753
1664.387936,383.047749,3478.967927,9252.574275
1664.388253,1225.752797,3256.906145,8364.327145
1664.388571,1838.629195,2516.700203,7402.059420
1664.388888,2374.896044,1332.370696,6143.709319
1664.389206,3140.991542,-296.082377,5921.647536
1664.389523,2451.505594,-814.226536,4515.256246
1664.389841,1915.238745,-2590.720797,6291.750507
1664.390158,1225.752797,-3552.988522,7328.038826
1664.390476,0.000000,-3256.906145,8512.368333
1664.390793,-689.485948,-2220.617826,9918.759623
1664.391111,-2374.896044,-370.102971,11103.089130
1664.391428,-2298.286494,-74.020594,12805.562797
1664.391746,-1455.581446,1702.473667,13693.809927
1664.392063,-689.485948,3182.885551,10658.965565
1664.392381,-383.047749,3627.009116,9400.615463
1664.392698,-383.047749,3478.967927,10066.800811
1664.393016,1685.410096,3108.864956,9030.512492
1664.393333,1915.238745,3849.070898,4737.318029
1664.393651,2681.334243,1628.453072,5699.585753
1664.393968,1302.362347,-370.102971,5329.482782
1664.394286,383.047749,-1850.514855,6587.832884
1664.394603,612.876398,-2442.679609,8660.409521
1664.394921,-995.924147,-1776.494261,8512.368333
1664.395238,-1762.019645,-1776.494261,11103.089130
1664.395556,-2528.115143,-1406.391290,13175.665768
1664.395873,-2604.724693,-370.102971,15174.221811
1664.396191,-612.876398,1554.432478,15248.242405
1664.396508,459.657299,3849.070898,12657.521608
1664.396826,1378.971896,5107.421000,11103.089130
1664.397143,3064.381992,6217.729913,10881.027347
1664.397461,4596.572988,7031.956449,5699.585753
1664.397778,5439.278036,5847.626942,4367.215058
1664.398096,4519.963438,3034.844362,3997.112087
1664.398413,2145.067394,740.205942,3404.947333
1664.398731,1915.238745,-2442.679609,8438.347739
1664.399048,0.000000,-3627.009116,8808.450710
1664.399366,-766.095498,-5107.421000,10732.986159
1664.399683,-2374.896044,-5181.441594,13027.624579
1664.400001,-3447.429741,-4071.132681,15692.365970
1664.400318,-2451.505594,-2442.679609,16506.592507
1664.400636,-919.314598,-0.000000,16728.654289
1664.400953,842.705048,3997.112087,12509.480420
1664.401271,2528.115143,7476.080014,11473.192101
1664.401588,3294.210641,9696.697840,8216.285956
1664.401906,6281.983084,9030.512492,5107.421000
1664.402223,6894.859482,8512.368333,888.247130
1664.402541,6205.373534,3182.885551,2294.638420
1664.402858,3294.210641,-1332.370696,4367.215058
1664.403176,2298.286494,-6291.750507,10066.800811
1664.403493,1302.362347,-7031.956449,10658.965565
1664.403810,153.219100,-7476.080014,10732.986159
1664.404128,-1378.971896,-7550.100608,13471.748144
1664.404445,-2604.724693,-6069.688724,14878.139434
1664.404763,-2604.724693,-2220.617826,15766.386565
1664.405080,-153.219100,-370.102971,15766.386565
1664.405398,306.438199,4515.256246,11843.295072
1664.405715,2298.286494,6883.915261,11251.130318
1664.406033,1991.848295,9844.739029,7402.059420
1664.406350,5132.839837,9252.574275,5551.544565
1664.406668,5592.497135,8290.306550,2220.617826
1664.406985,6205.373534,3849.070898,888.247130
1664.407303,4060.306139,814.226536,2294.638420
1664.407620,2757.943793,-4071.132681,8882.471304
1664.407938,1072.533697,-6809.894666,9622.677246
1664.408255,383.047749,-8364.327145,9696.697840
1664.408573,-2757.943793,-8438.347739,12657.521608
1664.408890,-5592.497135,-5995.668130,14211.954086
1664.409208,-4979.620737,-3923.091493,17098.757260
1664.409525,-3294.210641,-148.041188,13545.768739
1664.409843,-1455.581446,2442.679609,12509.480420
1664.410160,-1838.629195,4663.297435,11991.336260
1664.410478,-1532.190996,8512.368333,7920.203579
1664.410795,3294.210641,10362.883188,6439.791695
1664.411113,4136.915689,11843.295072,222.061783
1664.411430,5209.449386,8142.265362,-1110.308913
1664.411748,3677.258390,5033.400406,-296.082377
1664.412065,2987.772442,-1924.535449,9474.636058
1664.412383,1532.190996,-5329.482782,8512.368333
1664.412700,1378.971896,-8142.265362,8660.409521
1664.413018,-1685.410096,-9400.615463,11843.295072
1664.413335,-4903.011187,-9844.739029,15396.283594
1664.413653,-5286.058936,-5403.503377,17394.839637
1664.413970,-4060.306139,-3701.029710,18949.272115
1664.414288,-2528.115143,666.185348,12953.603985
1664.414605,306.438199,4515.256246,13027.624579
1664.414923,0.000000,10955.047942,9400.615463
1664.415240,3983.696590,11917.315666,7846.182985
1664.415558,7584.345430,14952.160028,0.000000
1664.415875,7737.564530,11621.233289,-3034.844362
1664.416193,6281.983084,7179.997637,-2442.679609
1664.416510,3753.867940,-1332.370696,6069.688724
1664.416828,2221.676944,-6809.894666,9992.780217
1664.417145,1685.410096,-11251.130318,11917.315666
1664.417463,-842.705048,-14211.954086,15026.180623
1664.417780,-5515.887586,-13693.809927,15988.448347
1664.418098,-5286.058936,-9400.615463,20281.642811
1664.418415,-2987.772442,-6883.915261,20947.828159
1664.418733,-2451.505594,-962.267725,14582.057057
1664.419050,612.876398,4589.276840,13915.871710
1664.419368,995.924147,11769.274478,10584.944971
1664.419685,4290.134789,15396.283594,4885.359217
1664.420003,8273.831378,17394.839637,1554.432478
1664.420320,8580.269578,14285.974681,-3404.947333
1664.420638,6588.421283,7994.224174,-1628.453072
1664.420955,4213.525239,518.144159,2516.700203
1664.421273,2298.286494,-7994.224174,12065.356855
1664.421590,2604.724693,-12657.521608,13471.748144
1664.421908,0.000000,-15914.427753,13693.809927
1664.422225,-4749.792088,-15988.448347,14137.933492
1664.422543,-5592.497135,-12731.542202,20429.683999
1664.422860,-4290.134789,-7550.100608,21317.931130
1664.423178,-3600.648841,-740.205942,13545.768739
1664.423495,-229.828649,3182.885551,13693.809927
1664.423813,-229.828649,8882.471304,10066.800811
1664.424130,-612.876398,15396.283594,2812.782580
1664.424448,6511.811733,14878.139434,4959.379811
1664.424765,6281.983084,16580.613101,-2664.741391
1664.425083,4826.401637,10955.047942,-3108.864956
1664.425400,5515.887586,6957.935855,-4367.215058
1664.425718,1072.533697,-3923.091493,8142.265362
1664.426035,2834.553343,-13619.789333,14211.954086
1664.426353,-766.095498,-16580.613101,11325.150913
1664.426670,-4749.792088,-20207.622217,13471.748144
1664.426988,-8044.002729,-15544.324782,19393.395680
1664.427305,-6971.469032,-11103.089130,21169.889941
1664.427623,-5745.716235,-4589.276840,15396.283594
1664.427940,-4443.353888,-296.082377,13841.851115
1664.428258,-1915.238745,4663.297435,14285.974681
1664.428575,-4749.792088,14730.098246,3775.050304
1664.428893,5898.935335,16876.695478,7920.203579
1664.429210,6435.202183,19689.478057,-1554.432478
1664.429528,6205.373534,17172.777854,-2590.720797
1664.429845,8810.098227,12287.418637,-4737.318029
1664.430163,4903.011187,2220.617826,-6587.832884
1664.430480,7660.954980,-11695.253884,18727.210333
1664.430798,3294.210641,-13619.789333,12139.377449
1664.431115,-383.047749,-22132.157666,10807.006753
1664.431433,-6741.640382,-19023.292709,13249.686362
1664.431750,-7277.907231,-14063.912898,25167.002028
1664.432068,-5439.278036,-8512.368333,18357.107362
1664.432385,-4060.306139,-5921.647536,15766.386565
1664.432703,-766.095498,-2072.576638,17468.860231
1664.433020,-3830.477490,10658.965565,10658.965565
1664.433338,2221.676944,20429.683999,4441.235652
1664.433655,10801.946522,20577.725188,5625.565159
1664.433973,6588.421283,22798.343014,-2146.597232
1664.434290,9269.755526,19467.416275,-6365.771101
1664.434608,10878.556072,12213.398043,-9104.533087
1664.434925,4443.353888,-666.185348,1850.514855
1664.435243,9882.631924,-16136.489536,23908.651927
1664.435560,-536.266849,-19615.457463,11473.192101
1664.435878,-4826.401637,-24574.837274,13693.809927
1664.436195,-8580.269578,-19689.478057,21317.931130
1664.436513,-9422.974625,-15248.242405,25685.146187
1664.436830,-6971.469032,-9400.615463,16950.716072
1664.437148,-5669.106685,-3552.988522,16506.592507
1664.437465,-3447.429741,4737.318029,16950.716072
1664.437783,-995.924147,21095.869347,5477.523971
1664.438100,7967.393179,25092.981434,5477.523971
1664.438418,7048.078582,23760.610738,2590.720797
1664.438735,7354.516781,21465.972318,-4293.194464
1664.439053,8733.488677,17172.777854,-5551.544565
1664.439370,7201.297681,5107.421000,-9548.656652
1664.439688,10112.460574,-9030.512492,16876.695478
1664.440005,7584.345430,-14285.974681,10807.006753
1664.440323,995.924147,-17764.942608,7031.956449
1664.440640,-3983.696590,-24796.899057,24796.899057
1664.440958,-10418.898773,-19023.292709,18431.127956
1664.441275,-10112.460574,-15692.365970,17024.736666
1664.441593,-7354.516781,-8734.430116,19319.375086
1664.441910,-6511.811733,-1110.308913,17542.880825
1664.442228,-3294.210641,7105.977043,14137.933492
1664.442545,-1991.848295,20281.642811,3478.967927
1664.442863,6358.592633,21391.951724,11325.150913
1664.443180,4290.134789,25389.063811,2220.617826
1664.443498,6971.469032,20577.725188,-5625.565159
1664.443815,7660.954980,15914.427753,-9844.739029
1664.444133,7124.688131,5773.606348,-9400.615463
1664.444450,11031.775171,-7846.182985,17172.777854
1664.444768,4749.792088,-17024.736666,10362.883188
1664.445085,-1225.752797,-21836.075289,9622.677246
1664.445403,-5592.497135,-23686.590144,22576.281231
1664.445720,-13866.328514,-19393.395680,15100.201217
1664.446038,-11414.822920,-16210.510130,20355.663405
1664.446355,-8273.831378,-16506.592507,26055.249158
1664.446673,-11108.384721,-2886.803174,15544.324782
1664.446990,-5056.230287,3849.070898,12435.459826
1664.447308,-689.485948,21762.054695,8068.244768
1664.447625,4979.620737,25759.166782,11547.212695
1664.447943,8963.317327,32717.102636,0.000000
1664.448260,9882.631924,24352.775492,-9030.512492
1664.448578,14172.766713,13989.892304,-6661.853478
1664.448895,10955.165621,7476.080014,-13175.665768
1664.449213,17083.929605,-8142.265362,4515.256246
1664.449530,8044.002729,-18949.272115,10362.883188
1664.449848,-2681.334243,-24056.693115,14359.995275
1664.450165,-5362.668486,-23760.610738,18949.272115
1664.450483,-14555.814462,-15618.345376,13841.851115
1664.450800,-9422.974625,-22502.260637,25981.228564
1664.451118,-12640.575717,-20059.581028,29904.320057
1664.451435,-11261.603821,-6217.729913,16654.633695
1664.451753,-4443.353888,5107.421000,15840.407159
1664.452070,1608.800546,20281.642811,12435.459826
1664.452388,6665.030833,27461.640448,11251.130318
1664.452705,8273.831378,33901.432144,-296.082377
1664.453023,8963.317327,25611.125593,-9622.677246
1664.453340,13176.842566,16802.674883,-11473.192101
1664.453658,13023.623466,7698.141797,-14285.974681
1664.453975,15781.567259,-6143.709319,-2886.803174
1664.454293,11414.822920,-16950.716072,11029.068536
1664.454610,-2451.505594,-24870.919651,17542.880825
1664.454928,-5975.544884,-27313.599260,20947.828159
1664.455245,-12640.575717,-17246.798449,15988.448347
1664.455563,-8963.317327,-22502.260637,26203.290347
1664.455880,-10572.117872,-19985.560434,27239.578666
1664.456198,-9959.241474,-9178.553681,13175.665768
1664.456515,-5745.716235,2072.576638,16432.571912
1664.456833,0.000000,22132.157666,15100.201217
1664.457150,5975.544884,26943.496289,11029.068536
1664.457468,7660.954980,34123.493926,-2812.782580
1664.457785,9806.022374,27461.640448,-6883.915261
1664.458103,12947.013916,19023.292709,-10436.903782
1664.458420,10725.336972,8290.306550,-19837.519246
1664.458738,17083.929605,-3923.091493,3775.050304
1664.459055,8963.317327,-17616.901420,9104.533087
1664.459372,-1991.848295,-21984.116477,13841.851115
1664.459690,-4903.011187,-24204.734303,23390.507767
1664.460007,-14632.424012,-14656.077652,17468.860231
1664.460325,-12640.575717,-24352.775492,27831.743419
1664.460642,-10418.898773,-23168.445985,33679.370361
1664.460960,-11108.384721,-6513.812290,15988.448347
1664.461277,-6741.640382,5847.626942,13397.727550
1664.461595,-1378.971896,21984.116477,14952.160028
1664.461912,1532.190996,25685.146187,12287.418637
1664.462230,7354.516781,39452.976709,-1036.288319
1664.462547,9729.412825,32865.143825,-11251.130318
1664.462865,11184.994271,21095.869347,-12731.542202
1664.463182,13866.328514,6439.791695,-21317.931130
1664.463500,14325.985813,-444.123565,0.000000
1664.463817,10878.556072,-19689.478057,12509.480420
1664.464135,-3830.477490,-25389.063811,15470.304188
1664.464452,-8273.831378,-25463.084405,23538.548956
1664.464770,-14785.643111,-18875.251521,23982.672521
1664.465087,-14249.376263,-22650.301825,29682.258274
1664.465404,-11568.042020,-24870.919651,32272.979071
1664.465722,-12640.575717,-7402.059420,18579.169144
1664.466039,-6435.202183,6587.832884,15100.201217
1664.466357,0.000000,27535.661042,13545.768739
1664.466674,2987.772442,29756.278868,9844.739029
1664.466992,10418.898773,37824.523636,2886.803174
1664.467309,11491.432470,33383.287984,-15322.262999
1664.467627,11108.384721,20133.601622,-15470.304188
1664.467944,15321.909960,6809.894666,-16950.716072
1664.468262,13330.061665,-1702.473667,-9326.594869
1664.468579,14325.985813,-16728.654289,14211.954086
1664.468897,-1685.410096,-28201.846390,19911.539840
1664.469214,-7507.735880,-26721.434506,22354.219448
1664.469532,-10342.289223,-23020.404796,27535.661042
1664.469849,-14555.814462,-25315.043216,25463.084405
1664.470167,-9806.022374,-27979.784608,31680.814318
1664.470484,-5362.668486,-6513.812290,24870.919651
1664.470802,-5056.230287,7846.182985,11621.233289
1664.471119,4596.572988,31014.628970,10436.903782
1664.471437,5286.058936,32272.979071,8142.265362
1664.471754,10495.508323,39230.914926,2072.576638
1664.472071,11338.213370,33161.226202,-17024.736666
1664.472389,14249.376263,16728.654289,-14285.974681
1664.472706,12180.918418,4885.359217,-27905.764013
1664.473024,13253.452115,-5477.523971,-12879.583391
1664.473341,13023.623466,-21391.951724,19837.519246
1664.473659,-4979.620737,-29090.093521,17542.880825
1664.473976,-4979.620737,-28423.908173,22650.301825
1664.474294,-12717.185267,-18431.127956,24352.775492
1664.474611,-16624.272307,-26203.290347,32939.164419
1664.474929,-10418.898773,-31458.752535,37602.461854
1664.475246,-9729.412825,-9474.636058,19689.478057
1664.475564,-5362.668486,5625.565159,15692.365970
1664.475881,842.705048,32346.999665,9622.677246
1664.476199,4290.134789,34123.493926,6957.935855
1664.476516,11874.480219,38638.750172,518.144159
1664.476834,14632.424012,37084.317694,-16728.654289
1664.477151,14096.157163,19689.478057,-16876.695478
1664.477469,11644.651570,6291.750507,-24944.940245
1664.477786,11797.870669,-8512.368333,-11251.130318
1664.478103,10265.679673,-20947.828159,13027.624579
1664.478421,-6741.640382,-30644.525999,18431.127956
1664.478738,-7890.783629,-25092.981434,29312.155303
1664.479056,-14862.252661,-21243.910535,26277.310941
1664.479373,-17390.367805,-25759.166782,30422.464216
1664.479691,-13406.671215,-30348.443622,37232.358883
1664.480008,-11797.870669,-10510.924376,24130.713709
1664.480326,-7048.078582,6365.771101,20429.683999
1664.480643,-1378.971896,31458.752535,9696.697840
1664.480961,2451.505594,37750.503042,6735.874072
1664.481278,8810.098227,40119.162056,-296.082377
1664.481596,11644.651570,37084.317694,-15914.427753
1664.481913,13483.280765,15692.365970,-13101.645173
1664.482231,11108.384721,3330.926739,-22502.260637
1664.482548,10418.898773,-9770.718434,0.000000
1664.482866,7507.735880,-19171.333898,11547.212695
1664.483183,-3677.258390,-27609.681637,19689.478057
1664.483501,-5209.449386,-21391.951724,30792.567187
1664.483818,-12947.013916,-19319.375086,28423.908173
1664.484135,-15475.129060,-26499.372724,28127.825796
1664.484453,-10189.070123,-24204.734303,35529.885216
1664.484770,-7814.174080,-4515.256246,25241.022622
1664.485088,-2757.943793,7846.182985,15766.386565
1664.485405,1685.410096,28942.052332,5033.400406
1664.485723,6281.983084,32865.143825,4885.359217
1664.486040,9422.974625,36862.255912,-5403.503377
1664.486358,12334.137518,28423.908173,-10066.800811
1664.486675,15934.786358,14359.995275,-12583.501014
1664.486993,11184.994271,6365.771101,-26277.310941
1664.487310,15168.690860,-9400.615463,8882.471304
1664.487628,5822.325785,-21910.095883,7105.977043
1664.487945,-3370.820191,-28794.011144,17987.004391
1664.488263,-4826.401637,-25092.981434,30644.525999
1664.488580,-14709.033562,-16506.592507,23390.507767
1664.488898,-9882.631924,-22206.178260,30866.587781
1664.489215,-10189.070123,-19689.478057,31606.793723
1664.489533,-7967.393179,-4737.318029,22650.301825
1664.489850,-306.438199,11843.295072,19319.375086
1664.490167,1685.410096,29460.196492,6069.688724
1664.490485,4979.620737,32198.958477,5477.523971
1664.490802,9576.193725,36492.152941,-4663.297435
1664.491120,14709.033562,28868.031738,-15766.386565
1664.491437,19152.387450,12953.603985,-12805.562797
1664.491755,12257.527968,7031.956449,-24426.796086
1664.492072,13100.233016,-8068.244768,-11325.150913
1664.492390,5975.544884,-20281.642811,17024.736666
1664.492707,-8273.831378,-25611.125593,18949.272115
1664.493025,-4290.134789,-20873.807564,27017.516883
1664.493342,-15551.738609,-18801.230927,20725.766376
1664.493660,-12793.794817,-28127.825796,33013.185013
1664.493977,-12487.356617,-26129.269753,33013.185013
1664.494295,-13330.061665,-9474.636058,17616.901420
1664.494612,-3983.696590,4367.215058,21762.054695
1664.494930,-153.219100,31384.731941,8290.306550
1664.495247,4673.182538,38786.791361,4885.359217
1664.495565,8733.488677,40489.265027,-5107.421000
1664.495882,11031.775171,29534.217086,-14211.954086
1664.496199,13789.718964,13841.851115,-14952.160028
1664.496517,12793.794817,5181.441594,-18505.148550
1664.496834,10189.070123,-8586.388927,-8438.347739
1664.497152,5515.887586,-21539.992912,15174.221811
1664.497469,-8580.269578,-28571.949361,22428.240043
1664.497787,-4826.401637,-26647.413912,30422.464216
1664.498104,-16088.005458,-19689.478057,21614.013506
1664.498422,-12104.308868,-25685.146187,30792.567187
1664.498739,-11491.432470,-24426.796086,34789.679274
1664.499057,-8810.098227,-7328.038826,18949.272115
1664.499374,-4979.620737,7994.224174,15988.448347
1664.499692,-2834.553343,28719.990550,8660.409521
1664.500009,4596.572988,35159.782245,6069.688724
1664.500327,7737.564530,38342.667796,-9326.594869
1664.500644,12334.137518,27313.599260,-8438.347739
1664.500962,16547.662757,14137.933492,-10881.027347
1664.501279,9882.631924,2960.823768,-23242.466579
1664.501597,16624.272307,-13027.624579,13323.706956
1664.501914,2298.286494,-21910.095883,6809.894666
1664.502231,-4213.525239,-26203.290347,20947.828159
1664.502549,-5592.497135,-23612.569550,27609.681637
1664.502866,-16854.100956,-14211.954086,23538.548956
1664.503184,-7431.126331,-22428.240043,32421.020260
1664.503501,-9499.584175,-18135.045579,34049.473332
1664.503819,-5898.935335,-3775.050304,20947.828159
1664.504136,-1608.800546,11473.192101,9770.718434
1664.504454,3600.648841,25389.063811,11695.253884
1664.504771,5975.544884,28794.011144,5773.606348
1664.505089,11644.651570,37602.461854,-3627.009116
1664.505406,16700.881856,28497.928767,-10955.047942
1664.505724,20837.797546,14434.015869,-17246.798449
1664.506041,16241.224558,7476.080014,-21317.931130
1664.506359,15704.957709,-9252.574275,-148.041188
1664.506676,4519.963438,-24870.919651,12361.439231
1664.506994,-7124.688131,-30644.525999,23020.404796
1664.507311,-7277.907231,-21391.951724,24944.940245
1664.507629,-15858.176809,-15322.262999,22132.157666
1664.507946,-9652.803275,-26721.434506,28497.928767
1664.508264,-13406.671215,-21317.931130,31162.670158
1664.508581,-11031.775171,-9474.636058,21317.931130
1664.508898,-4366.744339,10214.842000,16432.571912
1664.509216,229.828649,24574.837274,10584.944971
1664.509533,4213.525239,33901.432144,6735.874072
1664.509851,8580.269578,37972.564825,-3330.926739
1664.510168,11031.775171,27757.722825,-14656.077652
1664.510486,12947.013916,12361.439231,-13397.727550
1664.510803,12947.013916,6143.709319,-12139.377449
1664.511121,11874.480219,-6291.750507,-6661.853478
1664.511438,6511.811733,-19615.457463,11769.274478
1664.511756,-4673.182538,-27831.743419,23760.610738
1664.512073,-8197.221829,-22872.363608,21317.931130
1664.512391,-15015.471761,-18505.148550,19245.354492
1664.512708,-7737.564530,-27091.537477,27387.619854
1664.513026,-12410.747068,-21836.075289,29830.299463
1664.513343,-9806.022374,-9548.656652,17987.004391
1664.513661,-6665.030833,5329.482782,10807.006753
1664.513978,-2068.457845,25611.125593,10732.986159
1664.514296,4213.525239,28423.908173,11695.253884
1664.514613,6205.373534,37306.379477,-7031.956449
1664.514930,9269.755526,28868.031738,-11843.295072
1664.515248,14019.547613,15988.448347,-5625.565159
1664.515565,12793.794817,3404.947333,-20799.786970
1664.515883,15628.348159,-4737.318029,-1480.411884
1664.516200,7890.783629,-17987.004391,15100.201217
1664.516518,-5286.058936,-27165.558071,19615.457463
1664.516835,-7048.078582,-23168.445985,20725.766376
1664.517153,-12104.308868,-14285.974681,19171.333898
1664.517470,-12180.918418,-21169.889941,28868.031738
1664.517788,-12104.308868,-26055.249158,32791.123231
1664.518105,-10801.946522,-8068.244768,18949.272115
1664.518423,-5592.497135,3997.112087,15692.365970
1664.518740,-1532.190996,20207.622217,12509.480420
1664.519058,2451.505594,24056.693115,10140.821405
1664.519375,9806.022374,39304.935520,-1924.535449
1664.519693,11338.213370,33161.226202,-10214.842000
1664.520010,16547.662757,18431.127956,-10362.883188
1664.520328,15551.738609,7476.080014,-18727.210333
1664.520645,17083.929605,370.102971,-5477.523971
1664.520962,13636.499864,-16802.674883,15026.180623
1664.521280,-4903.011187,-27683.702231,13249.686362
1664.521597,-6818.249932,-24574.837274,18801.230927
1664.521915,-9116.536426,-15174.221811,23834.631332
1664.522232,-11031.775171,-25685.146187,29016.072926
1664.522550,-13636.499864,-26869.475695,28127.825796
1664.522867,-11338.213370,-13989.892304,23242.466579
1664.523185,-6358.592633,444.123565,18875.251521
1664.523502,-306.438199,19615.457463,15766.386565
1664.523820,4213.525239,24278.754898,12509.480420
1664.524137,8273.831378,41747.615129,1332.370696
1664.524455,12027.699319,34271.535115,-11177.109724
1664.524772,13713.109414,21095.869347,-12213.398043
1664.525090,18386.291952,10288.862594,-17024.736666
1664.525407,19612.044749,5995.668130,-11547.212695
1664.525725,12870.404366,-11843.295072,6365.771101
1664.526042,-459.657299,-21539.992912,13101.645173
1664.526360,-6052.154434,-27091.537477,20133.601622
1664.526677,-6818.249932,-19023.292709,25389.063811
1664.526994,-16317.834107,-21391.951724,24722.878463
1664.527312,-10495.508323,-29164.114115,26573.393318
1664.527629,-11031.775171,-16432.571912,32495.040854
1664.527947,-10112.460574,-2812.782580,18949.272115
1664.528264,-2298.286494,18949.272115,13397.727550
1664.528582,1378.971896,25389.063811,12953.603985
1664.528899,6052.154434,42043.697506,5699.585753
1664.529217,9652.803275,33531.329173,-9992.780217
1664.529534,10725.336972,21614.013506,-15766.386565
1664.529852,15858.176809,11621.233289,-14952.160028
1664.530169,13942.938064,6883.915261,-15174.221811
1664.530487,15168.690860,-9844.739029,1110.308913
1664.530804,2374.896044,-23464.528361,12139.377449
1664.531122,-9729.412825,-26129.269753,19763.498651
1664.531439,-9959.241474,-25018.960840,26795.455100
1664.531757,-19765.263848,-18135.045579,18949.272115
1664.532074,-10265.679673,-27683.702231,34419.576303
1664.532392,-13176.842566,-19541.436869,36122.049970
1664.532709,-13942.938064,-7328.038826,18357.107362
1664.533026,-5822.325785,9548.656652,17320.819043
1664.533344,-1838.629195,27017.516883,14211.954086
1664.533661,4749.792088,36196.070564,8734.430116
1664.533979,9499.584175,38786.791361,-2960.823768
1664.534296,10955.165621,29164.114115,-18949.272115
1664.534614,19382.216099,14434.015869,-17320.819043
1664.534931,16164.615008,8956.491898,-19541.436869
1664.535249,15781.567259,-4515.256246,-11695.253884
1664.535566,9576.193725,-23242.466579,21317.931130
1664.535884,-11108.384721,-22354.219448,21095.869347
1664.536201,-7967.393179,-26351.331535,20799.786970
1664.536519,-16930.710506,-20873.807564,18653.189738
1664.536836,-11108.384721,-25981.228564,35603.905810
1664.537154,-12410.747068,-28275.866984,37750.503042
1664.537471,-13713.109414,-10066.800811,14730.098246
1664.537789,-4903.011187,5995.668130,16580.613101
1664.538106,-229.828649,27017.516883,17838.963202
1664.538424,2757.943793,33235.246796,9622.677246
1664.538741,12870.404366,39230.914926,-888.247130
1664.539058,11414.822920,35307.823433,-16358.551318
1664.539376,16088.005458,18061.024985,-13323.706956
1664.539693,17696.806004,5181.441594,-21465.972318
1664.540011,20454.749797,4663.297435,-18579.169144
1664.540328,12563.966167,-11991.336260,15544.324782
1664.540646,-5132.839837,-25315.043216,19319.375086
1664.540963,-7354.516781,-31902.876100,20355.663405
1664.541281,-10189.070123,-18949.272115,24278.754898
1664.541598,-13023.623466,-26943.496289,33679.370361
1664.541916,-11031.775171,-33901.432144,38934.832549
1664.542233,-9499.584175,-13323.706956,25907.207970
1664.542551,-5515.887586,1702.473667,17024.736666
1664.542868,383.047749,22946.384202,15988.448347
1664.543186,2604.724693,35233.802839,3775.050304
1664.543503,13559.890315,43746.171172,2220.617826
1664.543821,11568.042020,36122.049970,-13471.748144
1664.544138,16700.881856,20577.725188,-13545.768739
1664.544456,16241.224558,8438.347739,-29016.072926
1664.544773,17466.977354,5255.462188,-20207.622217
1664.545090,13406.671215,-18579.169144,12509.480420
1664.545408,-6281.983084,-26129.269753,18949.272115
1664.545725,-8810.098227,-31236.690752,23168.445985
1664.546043,-11031.775171,-16284.530724,27831.743419
1664.546360,-15934.786358,-22280.198854,30866.587781
1664.546678,-10955.165621,-31828.855506,36936.276506
1664.546995,-8733.488677,-15396.283594,31754.834912
1664.547313,-6665.030833,-518.144159,16580.613101
1664.547630,383.047749,25833.187376,7254.018232
1664.547948,1378.971896,35529.885216,7402.059420
1664.548265,12334.137518,44634.418303,6291.750507
1664.548583,12563.966167,39378.956114,-18653.189738
1664.548900,14785.643111,24648.857869,-18135.045579
1664.549218,14479.204912,9844.739029,-21984.116477
1664.549535,13789.718964,3701.029710,-19911.539840
1664.549853,10955.165621,-15470.304188,-6439.791695
1664.550170,-3217.601092,-26055.249158,21169.889941
1664.550488,-12793.794817,-27757.722825,31902.876100
1664.550805,-12257.527968,-23538.548956,30348.443622
1664.551123,-18616.120601,-24056.693115,25611.125593
1664.551440,-15168.690860,-29682.258274,34641.638086
1664.551757,-12870.404366,-21688.034101,42339.779882
1664.552075,-12563.966167,-7920.203579,15470.304188
1664.552392,-2528.115143,20207.622217,12065.356855
1664.552710,-1608.800546,41747.615129,5551.544565
1664.553027,9193.145976,46484.933158,5477.523971
1664.553345,13023.623466,38268.647201,-13767.830521
1664.553662,14325.985813,23982.672521,-17987.004391
1664.553980,17237.148705,9622.677246,-19615.457463
1664.554297,13942.938064,7105.977043,-23908.651927
1664.554615,11951.089769,-11325.150913,-7772.162391
1664.554932,4136.915689,-26055.249158,23390.507767
1664.555250,-11491.432470,-28423.908173,29608.237680
1664.555567,-9806.022374,-24870.919651,26721.434506
1664.555885,-20301.530697,-23982.672521,28275.866984
1664.556202,-11338.213370,-32569.061448,34493.596897
1664.556520,-9806.022374,-21317.931130,45152.562462
1664.556837,-6818.249932,-5255.462188,18949.272115
1664.557154,0.000000,15692.365970,13693.809927
1664.557472,3140.991542,33161.226202,5847.626942
1664.557789,10112.460574,43598.129984,2442.679609
1664.558106,13713.109414,38564.729578,-10362.883188
1664.558423,17390.367805,26277.310941,-12583.501014
1664.558741,20531.359346,14434.015869,-28423.908173
1664.559058,14709.033562,7624.121203,-27831.743419
1664.559375,16164.615008,-9178.553681,-11251.130318
1664.559693,1685.410096,-24648.857869,23686.590144
1664.560010,-8273.831378,-31902.876100,32346.999665
1664.560327,-8886.707777,-23908.651927,24426.796086
1664.560645,-16854.100956,-20799.786970,23094.425390
1664.560962,-13023.623466,-26277.310941,39971.120868
1664.561279,-7967.393179,-29090.093521,42783.903448
1664.561597,-7660.954980,-8956.491898,22724.322419
1664.561914,-1149.143247,11029.068536,17024.736666
1664.562231,2528.115143,36492.152941,5773.606348
1664.562549,7507.735880,45300.603650,3034.844362
1664.562866,15475.129060,41155.450375,-10140.821405
1664.563183,16088.005458,27239.578666,-15396.283594
1664.563501,18616.120601,11399.171507,-24352.775492
1664.563818,13789.718964,9918.759623,-27535.661042
1664.564135,14862.252661,-7105.977043,-18357.107362
1664.564452,1302.362347,-21317.931130,13619.789333
1664.564770,-7967.393179,-30940.608376,28275.866984
1664.565087,-10035.851024,-24870.919651,25537.104999
1664.565404,-19458.825649,-18505.148550,29386.175897
1664.565722,-15015.471761,-29460.196492,32421.020260
1664.566039,-12487.356617,-27905.764013,41451.532752
1664.566356,-11568.042020,-18801.230927,27535.661042
1664.566674,-6128.763984,5181.441594,19985.560434
1664.566991,-3294.210641,30940.608376,7994.224174
1664.567308,2911.162892,45670.706621,-962.267725
1664.567626,14479.204912,44190.294737,-5329.482782
1664.567943,12410.747068,33013.185013,-17838.963202
1664.568260,17160.539155,15322.262999,-18357.107362
1664.568578,12870.404366,9030.512492,-26943.496289
1664.568895,8580.269578,-4737.318029,-16210.510130
1664.569212,7584.345430,-23390.507767,19171.333898
1664.569530,-9959.241474,-31458.752535,26573.393318
1664.569847,-6894.859482,-26869.475695,25463.084405
1664.570164,-18309.682402,-21243.910535,26869.475695
1664.570481,-15321.909960,-27091.537477,35085.761651
1664.570799,-11414.822920,-31088.649564,40563.285622
1664.571116,-6894.859482,-11769.274478,25315.043216
1664.571433,-2987.772442,5255.462188,17912.983796
1664.571751,-229.828649,33087.205607,4515.256246
1664.572068,2757.943793,38268.647201,-3478.967927
1664.572385,10878.556072,38638.750172,-3997.112087
1664.572703,15781.567259,27239.578666,-9474.636058
1664.573020,19228.997000,16876.695478,-21984.116477
1664.573337,11951.089769,8438.347739,-28571.949361
1664.573655,12027.699319,-5551.544565,-1110.308913
1664.573972,4749.792088,-22650.301825,13693.809927
1664.574289,-9422.974625,-32643.082042,24944.940245
1664.574607,-7431.126331,-25759.166782,29164.114115
1664.574924,-18079.853753,-19911.539840,27239.578666
1664.575241,-9346.365076,-28942.052332,37084.317694
1664.575559,-8810.098227,-21688.034101,36640.194129
1664.575876,-2145.067394,-9992.780217,28053.805202
1664.576193,1532.190996,8512.368333,15840.407159
1664.576510,2987.772442,29904.320057,-222.061783
1664.576828,7507.735880,36714.214723,2220.617826
1664.577145,12257.527968,41007.409187,-2516.700203
1664.577462,16700.881856,27609.681637,-10881.027347
1664.577780,19535.435199,14063.912898,-22724.322419
1664.578097,15858.176809,9622.677246,-24278.754898
1664.578414,11108.384721,-5477.523971,-15100.201217
1664.578732,3524.039291,-21317.931130,12805.562797
1664.579049,-8197.221829,-31976.896694,26499.372724
1664.579366,-8580.269578,-28794.011144,31606.793723
1664.579684,-17850.025103,-19023.292709,26203.290347
1664.580001,-13789.718964,-28053.805202,33753.390955
1664.580318,-12410.747068,-30126.381839,36936.276506
1664.580636,-5439.278036,-17690.922014,29830.299463
1664.580953,-4136.915689,4959.379811,19245.354492
1664.581270,-383.047749,32124.937883,7254.018232
1664.581588,3677.258390,42487.821071,-1184.329507
1664.581905,10725.336972,42265.759288,-2072.576638
1664.582222,12870.404366,29756.278868,-11991.336260
1664.582539,14479.204912,13915.871710,-17246.798449
1664.582857,13253.452115,8882.471304,-24574.837274
1664.583174,11261.603821,1628.453072,-18653.189738
1664.583491,2298.286494,-16358.551318,13249.686362
1664.583809,-6894.859482,-31458.752535,28571.949361
1664.584126,-8427.050478,-31680.814318,23686.590144
1664.584443,-16088.005458,-21243.910535,29608.237680
1664.584761,-16317.834107,-23760.610738,32791.123231
1664.585078,-9652.803275,-29534.217086,34789.679274
1664.585395,-3907.087040,-14730.098246,30348.443622
1664.585713,-3294.210641,962.267725,15840.407159
1664.586030,-1149.143247,28349.887579,6661.853478
1664.586347,2604.724693,37232.358883,-2442.679609
1664.586665,8810.098227,42117.718100,-4441.235652
1664.586982,12180.918418,30570.505405,-13249.686362
1664.587299,20684.578446,17246.798449,-13693.809927
1664.587617,12410.747068,11251.130318,-31162.670158
1664.587934,11721.261119,-3034.844362,-12509.480420
1664.588251,7124.688131,-25685.146187,16284.530724
1664.588569,-11491.432470,-31384.731941,20725.766376
1664.588886,-5975.544884,-29312.155303,29978.340651
1664.589203,-14785.643111,-16432.571912,25611.125593
1664.589520,-15781.567259,-21539.992912,33235.246796
1664.589838,-10572.117872,-28423.908173,37898.544230
1664.590155,-5592.497135,-12287.418637,29312.155303
1664.590472,-306.438199,666.185348,17468.860231
1664.590790,612.876398,29904.320057,1480.411884
1664.591107,5362.668486,35899.988187,2368.659014
1664.591424,9576.193725,39156.894332,-2960.823768
1664.591742,16241.224558,30422.464216,-11769.274478
1664.592059,19918.482948,16654.633695,-19023.292709
1664.592376,15398.519510,9622.677246,-23390.507767
1664.592694,12870.404366,222.061783,-17616.901420
1664.593011,9116.536426,-17690.922014,10732.986159
1664.593328,-7048.078582,-29978.340651,23760.610738
1664.593646,-8350.440928,-32124.937883,31014.628970
1664.593963,-13406.671215,-22206.178260,28794.011144
1664.594280,-13942.938064,-23094.425390,33383.287984
1664.594598,-11414.822920,-28423.908173,34641.638086
1664.594915,-5975.544884,-14656.077652,31236.690752
1664.595232,-2374.896044,-592.164754,21539.992912
1664.595549,3294.210641,30866.587781,9104.533087
1664.595867,3217.601092,37010.297100,-740.205942
1664.596184,8963.317327,41747.615129,-1258.350101
1664.596501,11721.261119,30644.525999,-13027.624579
1664.596819,17696.806004,17172.777854,-11103.089130
1664.597136,13483.280765,7994.224174,-25167.002028
1664.597453,12180.918418,4441.235652,-21021.848753
1664.597771,6741.640382,-14730.098246,9992.780217
1664.598088,-8044.002729,-28868.031738,20873.807564
1664.598405,-8273.831378,-35603.905810,30866.587781
1664.598723,-12870.404366,-24204.734303,28201.846390
1664.599040,-18156.463303,-21169.889941,31384.731941
1664.599357,-9959.241474,-30496.484810,35381.844028
1664.599675,-6128.763984,-14137.933492,31014.628970
1664.599992,-3140.991542,-2442.679609,18949.272115
1664.600309,-76.609550,26277.310941,5699.585753
1664.600627,2451.505594,37898.544230,0.000000
1664.600944,9346.365076,43746.171172,-888.247130
1664.601261,13253.452115,33087.205607,-11621.233289
1664.601578,18309.682402,19615.457463,-13249.686362
1664.601896,13176.842566,10807.006753,-27091.537477
1664.602213,13789.718964,3923.091493,-18505.148550
1664.602530,6588.421283,-14063.912898,370.102971
1664.602848,-5745.716235,-28201.846390,18061.024985
1664.603165,-9652.803275,-33309.267390,30940.608376
1664.603482,-10189.070123,-21762.054695,29238.134709
1664.603800,-18999.168350,-21910.095883,28794.011144
1664.604117,-9652.803275,-29682.258274,37528.441259
1664.604434,-7354.516781,-17394.839637,33901.432144
1664.604752,-3983.696590,-6439.791695,20281.642811
1664.605069,-153.219100,22946.384202,6809.894666
1664.605386,842.705048,40637.306216,-1480.411884
1664.605704,10342.289223,45596.686027,3404.947333
1664.606021,13713.109414,37306.379477,-18061.024985
1664.606338,18769.339701,19615.457463,-13323.706956
1664.606656,15245.300410,11177.109724,-23982.672521
1664.606973,12717.185267,3552.988522,-23094.425390
1664.607290,7814.174080,-9992.780217,-7846.182985
1664.607607,-4136.915689,-26795.455100,23686.590144
1664.607925,-11721.261119,-30200.402434,34271.535115
1664.608242,-11108.384721,-22354.219448,30052.361245
1664.608559,-19688.654299,-23390.507767,31088.649564
1664.608877,-14019.547613,-30348.443622,37528.441259
1664.609194,-10112.460574,-23686.590144,39378.956114
1664.609511,-7201.297681,-6587.832884,21243.910535
1664.609829,-689.485948,18579.169144,12953.603985
1664.610146,76.609550,40859.367998,-1776.494261
1664.610463,8120.612279,46781.015534,3108.864956
1664.610781,12870.404366,36640.194129,-11029.068536
1664.611098,18539.511052,21762.054695,-13545.768739
1664.611415,17313.758255,12065.356855,-26869.475695
1664.611733,12257.527968,7105.977043,-23686.590144
1664.612050,8350.440928,-11325.150913,-6439.791695
1664.612367,-2374.896044,-27831.743419,21688.034101
1664.612685,-10955.165621,-33013.185013,33827.411549
1664.613002,-7584.345430,-27313.599260,31902.876100
1664.613319,-19918.482948,-20873.807564,28794.011144
1664.613636,-7890.783629,-29460.196492,41155.450375
1664.613954,-5822.325785,-17320.819043,39304.935520
1664.614271,-1072.533697,-4663.297435,22946.384202
1664.614588,2068.457845,19911.539840,5699.585753
1664.614906,2681.334243,38046.585419,-4071.132681
1664.615223,7354.516781,45078.541868,518.144159
1664.615540,14172.766713,36788.235317,-8364.327145
1664.615858,20837.797546,23020.404796,-14804.118840
1664.616175,17543.586904,15692.365970,-29090.093521
1664.616492,11338.213370,4293.194464,-26425.352129
1664.616810,9806.022374,-11843.295072,1628.453072
1664.617127,-6205.373534,-27535.661042,16728.654289
1664.617444,-9652.803275,-34345.555709,30718.546593
1664.617762,-10265.679673,-24056.693115,32495.040854
1664.618079,-20148.311597,-19615.457463,32272.979071
1664.618396,-9039.926876,-28497.928767,37084.317694
1664.618714,-6818.249932,-18727.210333,34715.658680
1664.619031,-5056.230287,-9252.574275,26795.455100
1664.619348,383.047749,18579.169144,13693.809927
1664.619665,3524.039291,43079.985824,-3552.988522
1664.619983,9882.631924,47151.118505,1628.453072
1664.620300,12870.404366,39897.100274,-12435.459826
1664.620617,20148.311597,24722.878463,-15026.180623
1664.620935,18999.168350,15100.201217,-26943.496289
1664.621252,10878.556072,6069.688724,-23538.548956
1664.621569,6971.469032,-9474.636058,-10881.027347
1664.621887,-4596.572988,-26055.249158,21836.075289
1664.622204,-11184.994271,-33013.185013,34271.535115
1664.622521,-10495.508323,-27313.599260,33235.246796
1664.622839,-21067.626195,-19837.519246,32346.999665
1664.623156,-12563.966167,-30274.423028,39452.976709
1664.623473,-12334.137518,-24278.754898,40119.162056
1664.623791,-8656.879127,-12805.562797,22428.240043
1664.624108,-2451.505594,16950.716072,12953.603985
1664.624425,229.828649,47077.097911,1258.350101
1664.624743,2374.896044,47891.324447,-3034.844362
1664.625060,15551.738609,37084.317694,-7105.977043
1664.625377,14632.424012,23834.631332,-16358.551318
1664.625695,21450.673944,10955.047942,-19319.375086
1664.626012,9193.145976,7550.100608,-25092.981434
1664.626329,9499.584175,-7328.038826,-12287.418637
1664.626646,306.438199,-26277.310941,28053.805202
1664.626964,-9422.974625,-28645.969955,35529.885216
1664.627281,-7277.907231,-32643.082042,31384.731941
1664.627598,-20224.921147,-16580.613101,31458.752535
1664.627916,-7431.126331,-28275.866984,43746.171172
1664.628233,-8197.221829,-18209.066173,32495.040854
1664.628550,0.000000,-9474.636058,20503.704593
1664.628868,1838.629195,15840.407159,9326.594869
1664.629185,3753.867940,36048.029375,-3923.091493
1664.629502,5745.716235,43450.088795,-9622.677246
1664.629820,14479.204912,33161.226202,-7105.977043
1664.630137,17237.148705,20725.766376,-11251.130318
1664.630454,16317.834107,11547.212695,-28127.825796
1664.630772,7967.393179,2664.741391,-25018.960840
1664.631089,9806.022374,-15026.180623,11325.150913
1664.631406,-8503.660028,-31014.628970,14508.036463
1664.631724,-9652.803275,-33753.390955,28127.825796
1664.632041,-8350.440928,-25611.125593,33901.432144
1664.632358,-17773.415554,-21317.931130,31976.896694
1664.632675,-12104.308868,-22724.322419,31828.855506
1664.632993,-4903.011187,-13101.645173,33161.226202
1664.633310,-229.828649,-0.000000,27239.578666
1664.633627,1838.629195,26055.249158,6439.791695
1664.633945,5515.887586,35233.802839,-4663.297435
1664.634262,7201.297681,39156.894332,-222.061783
1664.634579,9882.631924,33383.287984,-13619.789333
1664.634897,18845.949251,16950.716072,-13027.624579
1664.635214,15168.690860,7402.059420,-23686.590144
1664.635531,6894.859482,1776.494261,-19541.436869
1664.635849,7737.564530,-7254.018232,4367.215058
1664.636166,-7890.783629,-21762.054695,12657.521608
1664.636483,-8886.707777,-33309.267390,33827.411549
1664.636801,-9806.022374,-26869.475695,35455.864622
1664.637118,-17773.415554,-18283.086767,29238.134709
1664.637435,-12027.699319,-27461.640448,29312.155303
1664.637753,-12027.699319,-19171.333898,32495.040854
1664.638070,-5286.058936,-9474.636058,29386.175897
1664.638387,4213.525239,22650.301825,9030.512492
1664.638704,3524.039291,42783.903448,-6735.874072
1664.639022,6818.249932,46336.891969,-3478.967927
1664.639339,14479.204912,32717.102636,-9252.574275
1664.639656,14019.547613,21317.931130,-15396.283594
1664.639974,15628.348159,8660.409521,-18283.086767
1664.640291,6511.811733,4589.276840,-19689.478057
1664.640608,3294.210641,-8956.491898,-2886.803174
1664.640926,-2987.772442,-23464.528361,22058.137072
1664.641243,-12487.356617,-28868.031738,29164.114115
1664.641560,-7890.783629,-27683.702231,37306.379477
1664.641878,-17773.415554,-21614.013506,32050.917289
1664.642195,-10878.556072,-25315.043216,32050.917289
1664.642512,-6971.469032,-18579.169144,35381.844028
1664.642830,-4060.306139,-6439.791695,22132.157666
1664.643147,229.828649,17616.901420,8808.450710
1664.643464,4060.306139,40193.182651,-8068.244768
1664.643782,8350.440928,43228.027013,-5403.503377
1664.644099,11261.603821,33901.432144,-6883.915261
1664.644416,19841.873398,15692.365970,-8216.285956
1664.644733,14632.424012,9104.533087,-27091.537477
1664.645051,8733.488677,1258.350101,-21465.972318
1664.645368,8427.050478,-14211.954086,10214.842000
1664.645685,-8810.098227,-24722.878463,13619.789333
1664.646003,-8120.612279,-36270.091158,30570.505405
1664.646320,-9806.022374,-23464.528361,29756.278868
1664.646637,-17773.415554,-18727.210333,33679.370361
1664.646955,-9499.584175,-28275.866984,38934.832549
1664.647272,-4903.011187,-13323.706956,30348.443622
1664.647589,-1838.629195,-962.267725,23020.404796
1664.647907,2528.115143,24648.857869,13101.645173
1664.648224,5209.449386,39749.059085,-7402.059420
1664.648541,11568.042020,40563.285622,444.123565
1664.648859,12870.404366,36788.235317,-8660.409521
1664.649176,20071.702048,17098.757260,-16876.695478
1664.649493,16700.881856,11029.068536,-27683.702231
1664.649811,8963.317327,3256.906145,-19541.436869
1664.650128,5898.935335,-9918.759623,-3701.029710
1664.650445,-7967.393179,-23760.610738,16950.716072
1664.650762,-10189.070123,-32346.999665,36048.029375
1664.651080,-10112.460574,-29164.114115,31976.896694
1664.651397,-18079.853753,-22502.260637,29608.237680
1664.651714,-10189.070123,-29460.196492,36862.255912
1664.652032,-10189.070123,-21465.972318,33827.411549
1664.652349,-4826.401637,-10510.924376,24278.754898
1664.652666,2068.457845,20059.581028,7994.224174
1664.652984,2757.943793,44042.253549,-4811.338623
1664.653301,7890.783629,46262.871375,-1554.432478
1664.653618,14632.424012,34345.555709,-13471.748144
1664.653936,17390.367805,19911.539840,-11843.295072
1664.654253,14938.862211,9104.533087,-23316.487173
1664.654570,8733.488677,5773.606348,-21984.116477
1664.654888,7584.345430,-5995.668130,-10807.006753
1664.655205,-1915.238745,-22280.198854,24130.713709
1664.655522,-10955.165621,-31754.834912,34567.617491
1664.655840,-8273.831378,-29904.320057,31902.876100
1664.656157,-18539.511052,-22650.301825,27905.764013
1664.656474,-9729.412825,-29756.278868,43154.006419
1664.656791,-7584.345430,-19985.560434,37824.523636
1664.657109,-5209.449386,-3552.988522,21021.848753
1664.657426,842.705048,19985.560434,6587.832884
1664.657743,3217.601092,40415.244433,-6069.688724
1664.658061,7354.516781,45448.644839,-2590.720797
1664.658378,11721.261119,33309.267390,-7920.203579
1664.658695,18539.511052,19911.539840,-11103.089130
1664.659013,14709.033562,13471.748144,-29682.258274
1664.659330,5209.449386,740.205942,-23538.548956
1664.659647,8886.707777,-15692.365970,15692.365970
1664.659965,-9576.193725,-27757.722825,15100.201217
1664.660282,-11568.042020,-32717.102636,26721.434506
1664.660599,-11414.822920,-28423.908173,37676.482448
1664.660917,-19152.387450,-18431.127956,33753.390955
1664.661234,-9499.584175,-22798.343014,32939.164419
1664.661551,-3600.648841,-11399.171507,32939.164419
1664.661868,-5209.449386,-3775.050304,28719.990550
1664.662186,0.000000,23316.487173,11029.068536
1664.662503,4290.134789,35751.946999,-7994.224174
1664.662820,8427.050478,40637.306216,-370.102971
1664.663137,13942.938064,30274.423028,-9992.780217
1664.663454,18079.853753,19467.416275,-13101.645173
1664.663772,16930.710506,9252.574275,-25537.104999
1664.664089,8733.488677,6513.812290,-18653.189738
1664.664406,5669.106685,-8956.491898,-888.247130
1664.664723,-4596.572988,-25241.022622,19171.333898
1664.665040,-10035.851024,-31532.773129,33383.287984
1664.665357,-9729.412825,-29312.155303,32865.143825
1664.665675,-18156.463303,-23316.487173,26721.434506
1664.665992,-7277.907231,-32272.979071,40859.367998
1664.666309,-9499.584175,-19393.395680,30570.505405
1664.666626,-3217.601092,-8290.306550,23834.631332
1664.666943,2451.505594,22946.384202,9474.636058
1664.667261,5745.716235,41377.512158,-8512.368333
1664.667578,10725.336972,43820.191766,-740.205942
1664.667895,13100.233016,33901.432144,-12065.356855
1664.668212,18539.511052,17024.736666,-12287.418637
1664.668529,15092.081311,9252.574275,-23686.590144
1664.668847,6588.421283,1184.329507,-22576.281231
1664.669164,7507.735880,-11177.109724,-3330.926739
1664.669481,-4826.401637,-27831.743419,27831.743419
1664.669798,-11568.042020,-34271.535115,34271.535115
1664.670115,-10572.117872,-30200.402434,32272.979071
1664.670433,-17543.586904,-23390.507767,32421.020260
1664.670750,-9422.974625,-25833.187376,41747.615129
1664.671067,-6588.421283,-15100.201217,31088.649564
1664.671384,-1762.019645,-6069.688724,19245.354492
1664.671701,3140.991542,19763.498651,8364.327145
1664.672019,4903.011187,41525.553346,-6217.729913
1664.672336,10955.165621,43376.068201,814.226536
1664.672653,13713.109414,35085.761651,-12361.439231
1664.672970,21986.940793,21539.992912,-15840.407159
1664.673287,16011.395908,13915.871710,-29534.217086
1664.673605,7507.735880,2664.741391,-21095.869347
1664.673922,5439.278036,-13101.645173,-2294.638420
1664.674239,-6741.640382,-25018.960840,17098.757260
1664.674556,-9116.536426,-31976.896694,32569.061448
1664.674873,-10801.946522,-23686.590144,31310.711347
1664.675191,-16011.395908,-24352.775492,32717.102636
1664.675508,-12563.966167,-26573.393318,38564.729578
1664.675825,-7814.174080,-19319.375086,35233.802839
1664.676142,-6358.592633,-6217.729913,20429.683999
1664.676459,459.657299,18357.107362,7624.121203
1664.676777,4290.134789,40341.223839,-4885.359217
1664.677094,7354.516781,44708.438897,-2812.782580
1664.677411,14709.033562,37232.358883,-14656.077652
1664.677728,18003.244203,24648.857869,-16802.674883
1664.678045,17926.634653,10140.821405,-25389.063811
1664.678363,7814.174080,6365.771101,-23538.548956
1664.678680,4136.915689,-8808.450710,-5107.421000
1664.678997,-4903.011187,-23686.590144,22502.260637
1664.679314,-13406.671215,-32050.917289,30940.608376
1664.679631,-11108.384721,-28423.908173,39675.038491
1664.679949,-20914.407095,-25463.084405,36344.111752
1664.680266,-14325.985813,-28794.011144,40119.162056
1664.680583,-11338.213370,-20651.745782,37972.564825
1664.680900,-6818.249932,-10214.842000,20503.704593
1664.681217,-1838.629195,15840.407159,12879.583391
1664.681535,3600.648841,43450.088795,-2812.782580
1664.681852,7201.297681,47891.324447,-5699.585753
1664.682169,16471.053207,34123.493926,-10362.883188
1664.682486,17850.025103,24944.940245,-15988.448347
1664.682803,19612.044749,14952.160028,-22872.363608
1664.683121,8503.660028,8216.285956,-27683.702231
1664.683438,8810.098227,-8956.491898,-4515.256246
1664.683755,-2834.553343,-26573.393318,26499.372724
1664.684072,-12717.185267,-34493.596897,33605.349767
1664.684389,-8350.440928,-33087.205607,38046.585419
1664.684707,-16164.615008,-24944.940245,37084.317694
1664.685024,-8810.098227,-27387.619854,44560.397708
1664.685341,-8350.440928,-18283.086767,34567.617491
1664.685658,1532.190996,-5329.482782,25981.228564
1664.685975,3447.429741,22798.343014,5033.400406
1664.686293,7814.174080,39526.997303,-6809.894666
1664.686610,8044.002729,42043.697506,-5847.626942
1664.686927,13789.718964,31902.876100,-7476.080014
1664.687244,21297.454844,21243.910535,-17098.757260
1664.687561,17773.415554,11103.089130,-30052.361245
1664.687878,8886.707777,1110.308913,-23538.548956
1664.688196,9882.631924,-16284.530724,8882.471304
1664.688513,-5745.716235,-27165.558071,14434.015869
1664.688830,-7967.393179,-37158.338288,31754.834912
1664.689147,-7967.393179,-29978.340651,39082.873738
1664.689464,-18233.072852,-19097.313304,33975.452738
1664.689782,-6741.640382,-23686.590144,37750.503042
1664.690099,-4979.620737,-9326.594869,29682.258274
1664.690416,-612.876398,-2220.617826,23094.425390
1664.690733,3677.258390,24204.734303,814.226536
1664.691050,7507.735880,43524.109390,-6809.894666
1664.691368,10342.289223,37898.544230,1628.453072
1664.691685,10265.679673,32272.979071,-10955.047942
1664.692002,21220.845295,18431.127956,-19467.416275
1664.692319,11951.089769,11621.233289,-29090.093521
1664.692636,4519.963438,-0.000000,-14211.954086
1664.692954,4136.915689,-17764.942608,9622.677246
1664.693271,-12563.966167,-29238.134709,13027.624579
1664.693588,-6511.811733,-30570.505405,33457.308578
1664.693905,-13330.061665,-22132.157666,29904.320057
1664.694222,-17390.367805,-23390.507767,37380.400071
1664.694540,-13023.623466,-28127.825796,35751.946999
1664.694857,-11951.089769,-19763.498651,27387.619854
1664.695174,-5898.935335,-6365.771101,19837.519246
1664.695491,-1838.629195,23982.672521,9844.739029
1664.695808,1762.019645,42857.924042,-2738.761985
1664.696126,5822.325785,44560.397708,-7846.182985
1664.696443,13559.890315,33753.390955,-12065.356855
1664.696760,16164.615008,22650.301825,-17320.819043
1664.697077,17390.367805,7698.141797,-23834.631332
1664.697394,8810.098227,9252.574275,-18801.230927
1664.697712,6665.030833,-5847.626942,-10807.006753
1664.698029,-5209.449386,-29312.155303,34493.596897
1664.698346,-11414.822920,-31458.752535,36048.029375
1664.698663,-11721.261119,-30644.525999,31310.711347
1664.698980,-16394.443657,-20059.581028,34567.617491
1664.699298,-10955.165621,-27387.619854,43376.068201
1664.699615,-11108.384721,-24130.713709,32198.958477
1664.699932,-5286.058936,-7105.977043,23982.672521
1664.700249,1685.410096,22872.363608,8290.306550
1664.700566,6435.202183,41229.470969,-5551.544565
1664.700884,8580.269578,50111.942273,-9696.697840
1664.701201,17696.806004,33457.308578,-9622.677246
1664.701518,22446.598091,22946.384202,-16802.674883
1664.701835,17313.758255,15026.180623,-32643.082042
1664.702152,10112.460574,-2960.823768,-13693.809927
1664.702470,7967.393179,-20799.786970,9030.512492
1664.702787,-6588.421283,-33013.185013,19319.375086
1664.703104,-10572.117872,-34419.576303,31236.690752
1664.703421,-13100.233016,-25463.084405,36418.132346
1664.703738,-15398.519510,-26055.249158,44264.315332
1664.704056,-7660.954980,-21095.869347,45226.583056
1664.704373,-2834.553343,-7328.038826,29164.114115
1664.704690,4749.792088,5181.441594,24426.796086
1664.705007,4903.011187,30718.546593,-888.247130
1664.705324,10495.508323,38712.770767,-3552.988522
1664.705642,9039.926876,40267.203245,-3034.844362
1664.705959,14479.204912,33605.349767,-12953.603985
1664.706276,22829.645840,20651.745782,-19837.519246
1664.706593,13406.671215,9030.512492,-28053.805202
1664.706910,6971.469032,-3775.050304,-11029.068536
1664.707228,5362.668486,-18209.066173,12361.439231
1664.707545,-11031.775171,-28349.887579,21095.869347
1664.707862,-8350.440928,-33309.267390,34789.679274
1664.708179,-12793.794817,-30126.381839,34123.493926
1664.708496,-17543.586904,-23390.507767,33753.390955
1664.708814,-7737.564530,-25981.228564,36418.132346
1664.709131,-10112.460574,-14211.954086,27017.516883
1664.709448,-1225.752797,1110.308913,24278.754898
1664.709765,5439.278036,34345.555709,444.123565
1664.710082,4060.306139,48187.406824,-6735.874072
1664.710400,9652.803275,43894.212361,-4589.276840
1664.710717,14172.766713,30570.505405,-21169.889941
1664.711034,16088.005458,21465.972318,-17098.757260
1664.711351,13866.328514,7328.038826,-20281.642811
1664.711668,7431.126331,1258.350101,-20207.622217
1664.711985,-2451.505594,-10436.903782,-8142.265362
1664.712303,-5669.106685,-30866.587781,36566.173535
1664.712620,-12870.404366,-29090.093521,36788.235317
1664.712937,-15628.348159,-29904.320057,34197.514520
1664.713254,-16317.834107,-25389.063811,31754.834912
1664.713571,-15934.786358,-26129.269753,35159.782245
1664.713889,-11951.089769,-26499.372724,36936.276506
1664.714206,-6665.030833,-5625.565159,15248.242405
1664.714523,-842.705048,24056.693115,7105.977043
1664.714840,2604.724693,44560.397708,-6365.771101
1664.715157,6205.373534,50185.962868,-7920.203579
1664.715475,18309.682402,33013.185013,-18801.230927
1664.715792,18233.072852,20207.622217,-14730.098246
1664.716109,17160.539155,6883.915261,-25685.146187
1664.716426,8580.269578,2886.803174,-22650.301825
1664.716743,5132.839837,-12583.501014,-10066.800811
1664.717061,-4366.744339,-31458.752535,37750.503042
1664.717378,-8963.317327,-32346.999665,39008.853143
1664.717695,-13330.061665,-23908.651927,29978.340651
1664.718012,-16088.005458,-21762.054695,39008.853143
1664.718329,-10801.946522,-23020.404796,44412.356520
1664.718647,-7890.783629,-19319.375086,33161.226202
1664.718964,3753.867940,-5255.462188,21688.034101
1664.719281,1608.800546,22428.240043,-1776.494261
1664.719598,9882.631924,35529.885216,-1702.473667
1664.719915,8656.879127,47373.180288,-11769.274478
1664.720233,20531.359346,30718.546593,-11547.212695
1664.720550,22216.769442,22650.301825,-20651.745782
1664.720867,17160.539155,12805.562797,-28794.011144
1664.721184,7814.174080,-6143.709319,-18135.045579
1664.721501,4060.306139,-22798.343014,9474.636058
1664.721819,-7660.954980,-34345.555709,22280.198854
1664.722136,-8580.269578,-29312.155303,31754.834912
1664.722453,-9959.241474,-31680.814318,38860.811955
1664.722770,-18233.072852,-20059.581028,36344.111752
1664.723087,-8503.660028,-23020.404796,39749.059085
1664.723405,-7814.174080,-8586.388927,26425.352129
1664.723722,4903.011187,5995.668130,25092.981434
1664.724039,5822.325785,28423.908173,1036.288319
1664.724356,10189.070123,41525.553346,-6587.832884
1664.724673,11184.994271,36640.194129,-2294.638420
1664.724991,10342.289223,31088.649564,-15026.180623
1664.725308,19995.092498,16136.489536,-16802.674883
1664.725625,13636.499864,8882.471304,-23390.507767
1664.725942,5362.668486,-1332.370696,-11843.295072
1664.726259,1991.848295,-16950.716072,10807.006753
1664.726577,-8963.317327,-27017.516883,21391.951724
1664.726894,-4213.525239,-33457.308578,32495.040854
1664.727211,-12104.308868,-24944.940245,36788.235317
1664.727528,-15168.690860,-24500.816680,36196.070564
1664.727845,-8963.317327,-24204.734303,32272.979071
1664.728163,-10878.556072,-13471.748144,21614.013506
1664.728480,919.314598,1184.329507,15322.262999
1664.728797,4213.525239,28794.011144,3330.926739
1664.729114,7967.393179,39156.894332,-5107.421000
1664.729431,6971.469032,38564.729578,-8882.471304
1664.729749,8273.831378,33087.205607,-15692.365970
1664.730066,14709.033562,21614.013506,-10436.903782
1664.730383,10955.165621,9252.574275,-21688.034101
1664.730700,1762.019645,-3997.112087,-3849.070898
1664.731017,536.266849,-20429.683999,11621.233289
1664.731335,-9729.412825,-26203.290347,18949.272115
1664.731652,-8963.317327,-30792.567187,32791.123231
1664.731969,-11491.432470,-28127.825796,38342.667796
1664.732286,-16241.224558,-20947.828159,32421.020260
1664.732603,-14019.547613,-17024.736666,30052.361245
1664.732921,-11184.994271,-9326.594869,25833.187376
1664.733238,-5056.230287,2590.720797,20947.828159
1664.733555,919.314598,23242.466579,2294.638420
1664.733872,7967.393179,37676.482448,-2220.617826
1664.734189,6588.421283,36048.029375,-4737.318029
1664.734507,13023.623466,28349.887579,-15100.201217
1664.734824,17926.634653,19541.436869,-16654.633695
1664.735141,17007.320056,9400.615463,-21391.951724
1664.735458,10801.946522,7105.977043,-14730.098246
1664.735775,2528.115143,-12731.542202,6143.709319
1664.736092,-8580.269578,-24130.713709,20355.663405
1664.736410,-7048.078582,-31458.752535,29756.278868
1664.736727,-9806.022374,-25463.084405,37676.482448
1664.737044,-16164.615008,-26203.290347,35899.988187
1664.737361,-10189.070123,-30348.443622,41229.470969
1664.737678,-12257.527968,-14211.954086,23908.651927
1664.737996,-766.095498,-2146.597232,19319.375086
1664.738313,5439.278036,24500.816680,6735.874072
1664.738630,11338.213370,36196.070564,-1702.473667
1664.738947,13176.842566,42709.882853,-5625.565159
1664.739264,14709.033562,32050.917289,-15544.324782
1664.739582,17313.758255,22650.301825,-16506.592507
1664.739899,15628.348159,11621.233289,-21391.951724
1664.740216,10112.460574,-1480.411884,-15766.386565
1664.740533,3524.039291,-15396.283594,-6957.935855
1664.740850,-8350.440928,-26055.249158,25241.022622
1664.741168,-9652.803275,-29534.217086,33531.329173
1664.741485,-4136.915689,-29534.217086,33753.390955
1664.741802,-11491.432470,-26499.372724,37972.564825
1664.742119,-6741.640382,-25833.187376,43598.129984
1664.742436,-11414.822920,-14211.954086,29312.155303
1664.742754,-1532.190996,-2664.741391,18949.272115
1664.743071,4060.306139,18801.230927,2664.741391
1664.743388,9499.584175,37528.441259,-3627.009116
1664.743705,10725.336972,42635.862259,-1258.350101
1664.744022,14249.376263,33457.308578,-13989.892304
1664.744340,20607.968896,21317.931130,-19763.498651
1664.744657,18922.558801,14211.954086,-24130.713709
1664.744974,5975.544884,740.205942,-18875.251521
1664.745291,4596.572988,-21317.931130,10584.944971
1664.745608,-12104.308868,-26721.434506,9474.636058
1664.745926,-7814.174080,-32346.999665,26943.496289
1664.746243,-4826.401637,-23908.651927,35011.741057
1664.746560,-14249.376263,-22502.260637,34937.720462
1664.746877,-7124.688131,-27461.640448,44190.294737
1664.747194,-13176.842566,-12065.356855,29756.278868
1664.747512,-6971.469032,592.164754,19171.333898
1664.747829,0.000000,25018.960840,8586.388927
1664.748146,3140.991542,38046.585419,-8734.430116
1664.748463,10878.556072,37898.544230,4737.318029
1664.748780,10265.679673,34789.679274,-16284.530724
1664.749098,18769.339701,24796.899057,-22132.157666
1664.749415,15168.690860,11103.089130,-19245.354492
1664.749732,4443.353888,4885.359217,-13027.624579
1664.750049,-2145.067394,-9844.739029,-6809.894666
1664.750366,-9806.022374,-21984.116477,24500.816680
1664.750684,-15321.909960,-26055.249158,28423.908173
1664.751001,-9806.022374,-28942.052332,33679.370361
1664.751318,-14709.033562,-23760.610738,30348.443622
1664.751635,-8197.221829,-31976.896694,48409.468607
1664.751952,-18462.901502,-26055.249158,31828.855506
1664.752270,-10112.460574,-13471.748144,24278.754898
1664.752587,-3677.258390,18505.148550,14285.974681
1664.752904,2681.334243,40637.306216,-5625.565159
1664.753221,5439.278036,46336.891969,-4145.153275
1664.753538,16930.710506,34641.638086,-9844.739029
1664.753856,21144.235745,24870.919651,-23908.651927
1664.754173,22369.988542,19245.354492,-27313.599260
1664.754490,15704.957709,8438.347739,-24278.754898
1664.754807,14862.252661,-2442.679609,-10436.903782
1664.755124,-7584.345430,-17246.798449,-2960.823768
1664.755442,-5975.544884,-27683.702231,46558.953752
1664.755759,-13330.061665,-26795.455100,36566.173535
1664.756076,-11108.384721,-26055.249158,32791.123231
1664.756393,-6741.640382,-34493.596897,50630.086433
1664.756710,-10495.508323,-24574.837274,38786.791361
1664.757028,-9116.536426,-16136.489536,27609.681637
1664.757345,536.266849,9178.553681,18579.169144
1664.757662,1608.800546,28868.031738,-5329.482782
1664.757979,7584.345430,46040.809592,-11843.295072
1664.758296,16547.662757,44782.459491,-3108.864956
1664.758613,20148.311597,25833.187376,-15100.201217
1664.758931,23748.960438,17098.757260,-32124.937883
1664.759248,14555.814462,7550.100608,-28127.825796
1664.759565,8656.879127,-15396.283594,814.226536
1664.759875,-3907.087040,-29460.196492,15396.283594
1664.760192,-9806.022374,-33457.308578,24722.878463
1664.760510,-11414.822920,-27091.537477,31088.649564
1664.760827,-15321.909960,-22206.178260,38712.770767
1664.761144,-8120.612279,-27017.516883,44190.294737
1664.761461,-6205.373534,-18653.189738,41155.450375
1664.761779,-2681.334243,-1332.370696,31014.628970
1664.762096,2834.553343,15840.407159,8734.430116
1664.762413,5439.278036,35233.802839,-9992.780217
1664.762730,9576.193725,37898.544230,-2220.617826
1664.763048,8963.317327,34123.493926,-4589.276840
1664.763365,18156.463303,25167.002028,-16136.489536
1664.763682,19458.825649,21465.972318,-32124.937883
1664.763999,8580.269578,7476.080014,-24574.837274
1664.764317,5132.839837,-15100.201217,7476.080014
1664.764634,-7354.516781,-20799.786970,10140.821405
1664.764951,-11108.384721,-30348.443622,21317.931130
1664.765268,-8656.879127,-23464.528361,35011.741057
1664.765586,-20071.702048,-21465.972318,31236.690752
1664.765903,-10495.508323,-31754.834912,42191.738694
1664.766220,-13559.890315,-22872.363608,33531.329173
1664.766537,-9499.584175,-11917.315666,30792.567187
1664.766855,-4290.134789,8290.306550,12583.501014
1664.767172,306.438199,37750.503042,-9030.512492
1664.767489,4826.401637,46114.830187,-6809.894666
1664.767806,9806.022374,37750.503042,-5847.626942
1664.768124,14938.862211,23908.651927,-17024.736666
1664.768441,15168.690860,14656.077652,-25092.981434
1664.768758,9806.022374,11843.295072,-22502.260637
1664.769075,11491.432470,5773.606348,-11695.253884
1664.769393,-4596.572988,-15100.201217,-444.123565
1664.769710,-7201.297681,-25685.146187,38934.832549
1664.770027,-10112.460574,-34863.699868,39378.956114
1664.770344,-18003.244203,-22650.301825,30940.608376
1664.770662,-12410.747068,-29682.258274,39452.976709
1664.770979,-12027.699319,-24204.734303,37676.482448
1664.771296,-10189.070123,-22354.219448,33679.370361
1664.771613,1225.752797,4441.235652,17616.901420
1664.771931,612.876398,31754.834912,-4071.132681
1664.772248,9652.803275,44338.335926,-11769.274478
1664.772565,14325.985813,42561.841665,-5551.544565
1664.772882,18462.901502,26573.393318,-11621.233289
1664.773200,22293.378992,20725.766376,-30422.464216
1664.773517,16777.491406,8216.285956,-31162.670158
1664.773834,7507.735880,-10066.800811,-1110.308913
1664.774151,-1608.800546,-28275.866984,16284.530724
1664.774469,-9039.926876,-31532.773129,23538.548956
1664.774786,-8733.488677,-28349.887579,33013.185013
1664.775103,-13330.061665,-25759.166782,41229.470969
1664.775420,-13100.233016,-29830.299463,46410.912563
1664.775738,-6128.763984,-18949.272115,44042.253549
1664.776055,-2834.553343,-1110.308913,31902.876100
1664.776372,6281.983084,15322.262999,15174.221811
1664.776689,8503.660028,35825.967593,-11991.336260
1664.777007,11031.775171,38934.832549,-6365.771101
1664.777324,13253.452115,32865.143825,-296.082377
1664.777641,22676.426741,23612.569550,-19615.457463
1664.777958,23748.960438,18727.210333,-33827.411549
1664.778275,12104.308868,4293.194464,-24722.878463
1664.778593,4979.620737,-10362.883188,222.061783
1664.778910,-5439.278036,-22428.240043,11029.068536
1664.779227,-9193.145976,-29534.217086,26425.352129
1664.779544,-9116.536426,-27535.661042,33087.205607
1664.779862,-14632.424012,-25241.022622,33161.226202
1664.780179,-9269.755526,-28794.011144,40119.162056
1664.780496,-10725.336972,-26499.372724,36270.091158
1664.780813,-6971.469032,-13619.789333,28571.949361
1664.781131,-1838.629195,11399.171507,15174.221811
1664.781448,6435.202183,40415.244433,-3997.112087
1664.781765,5669.106685,46262.871375,-8142.265362
1664.782082,11797.870669,39749.059085,-5107.421000
1664.782400,17620.196454,26351.331535,-21539.992912
1664.782717,17543.586904,15396.283594,-25315.043216
1664.783034,8350.440928,9178.553681,-24278.754898
1664.783351,6128.763984,888.247130,-11547.212695
1664.783669,-10035.851024,-17098.757260,6587.832884
1664.783986,-10112.460574,-26277.310941,30348.443622
1664.784303,-12257.527968,-31458.752535,36936.276506
1664.784620,-17007.320056,-24204.734303,39897.100274
1664.784938,-14709.033562,-27091.537477,40933.388593
1664.785255,-12334.137518,-28497.928767,38490.708984
1664.785572,-14632.424012,-20059.581028,31088.649564
1664.785889,-4903.011187,2368.659014,18949.272115
1664.786207,-2681.334243,29830.299463,-3997.112087
1664.786524,229.828649,49075.653955,-11177.109724
1664.786841,11644.651570,43820.191766,-6143.709319
1664.787158,19765.263848,29386.175897,-18431.127956
1664.787476,20914.407095,20947.828159,-29904.320057
1664.787793,14325.985813,11473.192101,-24796.899057
1664.788110,9422.974625,1776.494261,-15988.448347
1664.788427,-5362.668486,-20133.601622,5255.462188
1664.788745,-8656.879127,-28794.011144,30718.546593
1664.789062,-12563.966167,-31014.628970,37380.400071
1664.789379,-14096.157163,-24500.816680,44190.294737
1664.789696,-16624.272307,-28423.908173,41747.615129
1664.790014,-7660.954980,-24574.837274,45522.665433
1664.790331,-7507.735880,-12657.521608,32865.143825
1664.790648,1838.629195,9030.512492,17320.819043
1664.790965,6741.640382,33975.452738,-6217.729913
1664.791283,8580.269578,45744.727216,-11991.336260
1664.791600,14249.376263,39526.997303,-2368.659014
1664.791917,22446.598091,25833.187376,-15914.427753
1664.792234,24898.103685,23168.445985,-32495.040854
1664.792552,15781.567259,8290.306550,-29534.217086
1664.792869,6205.373534,-11177.109724,4589.276840
1664.793186,-4749.792088,-25315.043216,8364.327145
1664.793503,-8350.440928,-31828.855506,24278.754898
1664.793821,-11414.822920,-32717.102636,34863.699868
1664.794138,-14785.643111,-28645.969955,42043.697506
1664.794455,-9959.241474,-32272.979071,42117.718100
1664.794772,-6128.763984,-21243.910535,42339.779882
1664.795090,-4596.572988,-6143.709319,30940.608376
1664.795407,3983.696590,12287.418637,13767.830521
1664.795724,10495.508323,40267.203245,-8586.388927
1664.796041,9959.241474,43746.171172,-9178.553681
1664.796358,12410.747068,30126.381839,-7402.059420
1664.796676,20684.578446,20059.581028,-14211.954086
1664.796993,22446.598091,18209.066173,-29978.340651
1664.797310,12334.137518,4811.338623,-25315.043216
1664.797627,3064.381992,-7772.162391,-8364.327145
1664.797945,-6128.763984,-17690.922014,17394.839637
1664.798262,-10495.508323,-27831.743419,24352.775492
1664.798579,-8810.098227,-28868.031738,33457.308578
1664.798896,-14402.595362,-27831.743419,41155.450375
1664.799214,-12793.794817,-24204.734303,38120.606013
1664.799531,-9269.755526,-26573.393318,35233.802839
1664.799848,-8273.831378,-13915.871710,31902.876100
1664.800165,-689.485948,9474.636058,17468.860231
1664.800483,3524.039291,40045.141462,-6957.935855
1664.800800,5132.839837,47669.262665,-13619.789333
1664.801117,11184.994271,36418.132346,-5255.462188
1664.801434,13330.061665,25611.125593,-15840.407159
1664.801752,20761.187996,17542.880825,-24500.816680
1664.802069,6358.592633,6735.874072,-26795.455100
1664.802386,-995.924147,-9918.759623,-6809.894666
1664.802703,-7201.297681,-26055.249158,23390.507767
1664.803021,-13406.671215,-27091.537477,21095.869347
1664.803338,-9269.755526,-26499.372724,32421.020260
1664.803655,-19918.482948,-23020.404796,39304.935520
1664.803972,-14709.033562,-24574.837274,42931.944636
1664.804290,-12410.747068,-23168.445985,33161.226202
1664.804607,-10648.727422,-12509.480420,28423.908173
1664.804924,-5669.106685,5329.482782,18949.272115
1664.805241,-2145.067394,33161.226202,-2368.659014
1664.805559,1991.848295,42635.862259,-10955.047942
1664.805876,9346.365076,35825.967593,-9918.759623
1664.806193,21374.064394,30792.567187,-14137.933492
1664.806510,20991.016645,20947.828159,-31532.773129
1664.806828,16471.053207,14952.160028,-26351.331535
1664.807145,11874.480219,4885.359217,-14434.015869
1664.807462,-6281.983084,-14656.077652,-3478.967927
1664.807779,-4826.401637,-28127.825796,36714.214723
1664.808097,-14019.547613,-28423.908173,36270.091158
1664.808414,-15475.129060,-28645.969955,40489.265027
1664.808731,-12793.794817,-32272.979071,41303.491564
1664.809048,-10189.070123,-28868.031738,43894.212361
1664.809366,-8427.050478,-20281.642811,36492.152941
1664.809683,4443.353888,8956.491898,23316.487173
1664.810000,4826.401637,34567.617491,-8808.450710
1664.810317,9346.365076,45448.644839,-11547.212695
1664.810635,14709.033562,41377.512158,222.061783
1664.810952,21067.626195,26129.269753,-20947.828159
1664.811269,25894.027832,24278.754898,-32569.061448
1664.811586,17007.320056,9770.718434,-30274.423028
1664.811904,7354.516781,-9844.739029,-8808.450710
1664.812221,-2145.067394,-26721.434506,13915.871710
1664.812538,-8963.317327,-28942.052332,22206.178260
1664.812855,-8963.317327,-34789.679274,32939.164419
1664.813173,-16930.710506,-31014.628970,42043.697506
1664.813490,-10495.508323,-27831.743419,50111.942273
1664.813807,-6358.592633,-26499.372724,41229.470969
1664.814124,-3294.210641,-4663.297435,30866.587781
1664.814441,5515.887586,12287.418637,19171.333898
1664.814759,10648.727422,37602.461854,-5477.523971
1664.815076,10112.460574,43524.109390,-11473.192101
1664.815393,10878.556072,33013.185013,370.102971
1664.815710,19228.997000,23760.610738,-18875.251521
1664.816028,24515.055936,22724.322419,-31310.711347
1664.816345,13253.452115,5255.462188,-26869.475695
1664.816662,383.047749,-10658.965565,-1850.514855
1664.816979,-3830.477490,-21836.075289,16950.716072
1664.817297,-9806.022374,-27313.599260,19467.416275
1664.817614,-7967.393179,-26943.496289,32050.917289
1664.817931,-16624.272307,-27979.784608,34197.514520
1664.818248,-11414.822920,-28645.969955,43820.191766
1664.818566,-12487.356617,-28349.887579,37010.297100
1664.818883,-9422.974625,-6365.771101,31162.670158
1664.819200,-4213.525239,9474.636058,22502.260637
1664.819517,2604.724693,40119.162056,1036.288319
1664.819835,1378.971896,46040.809592,-18209.066173
1664.820152,8963.317327,36640.194129,-1924.535449
1664.820469,12487.356617,25833.187376,-19171.333898
1664.820786,21067.626195,17912.983796,-26351.331535
1664.821104,10725.336972,13471.748144,-25759.166782
1664.821421,2604.724693,2590.720797,-11399.171507
1664.821738,-4979.620737,-20725.766376,21095.869347
1664.822055,-13023.623466,-24500.816680,18653.189738
1664.822373,-10878.556072,-28868.031738,33827.411549
1664.822690,-19382.216099,-21836.075289,41451.532752
1664.823007,-15321.909960,-24944.940245,42857.924042
1664.823324,-12410.747068,-30422.464216,34567.617491
1664.823642,-12793.794817,-20429.683999,32050.917289
1664.823959,-4290.134789,4071.132681,21836.075289
1664.824276,-3217.601092,28275.866984,1702.473667
1664.824593,2145.067394,43228.027013,-11547.212695
1664.824911,11951.089769,40193.182651,-6957.935855
1664.825228,21067.626195,31828.855506,-15766.386565
1664.825545,22982.864940,26129.269753,-34197.514520
1664.825862,22369.988542,15248.242405,-24648.857869
1664.826180,12870.404366,6587.832884,-18579.169144
1664.826497,-919.314598,-13619.789333,-10066.800811
1664.826814,-6435.202183,-29238.134709,43450.088795
1664.827131,-13483.280765,-28127.825796,36566.173535
1664.827449,-12257.527968,-31458.752535,39378.956114
1664.827766,-10801.946522,-33161.226202,45448.644839
1664.828083,-8120.612279,-24796.899057,46114.830187
1664.828400,-6971.469032,-21169.889941,35529.885216
1664.828718,7277.907231,666.185348,26647.413912
1664.829035,3447.429741,31014.628970,-10362.883188
1664.829352,9269.755526,38342.667796,-9030.512492
1664.829669,10418.898773,44116.274143,-4515.256246
1664.829987,23289.303139,26055.249158,-17468.860231
1664.830304,23365.912689,23834.631332,-35529.885216
1664.830621,20378.140247,7550.100608,-27757.722825
1664.830938,6894.859482,-11917.315666,-148.041188
1664.831256,-2298.286494,-28794.011144,8216.285956
1664.831573,-5898.935335,-28868.031738,23982.672521
1664.831890,-11414.822920,-28497.928767,29830.299463
1664.832207,-13559.890315,-29682.258274,42709.882853
1664.832524,-8656.879127,-30496.484810,44412.356520
1664.832842,-5745.716235,-19393.395680,40563.285622
1664.833159,-5056.230287,1554.432478,31014.628970
1664.833476,7584.345430,11473.192101,18949.272115
1664.833793,8810.098227,40785.347404,-13249.686362
1664.834111,11951.089769,38342.667796,-10658.965565
1664.834428,5745.716235,32569.061448,148.041188
1664.834745,14555.814462,20059.581028,-13693.809927
1664.835062,21450.673944,20503.704593,-31606.793723
1664.835380,10725.336972,6587.832884,-28201.846390
1664.835697,-689.485948,-8882.471304,3256.906145
1664.836014,-9806.022374,-16802.674883,11103.089130
1664.836331,-9959.241474,-26647.413912,19911.539840
1664.836649,-9422.974625,-25315.043216,27979.784608
1664.836966,-17926.634653,-27239.578666,33161.226202
1664.837283,-12180.918418,-28794.011144,45596.686027
1664.837600,-16394.443657,-29830.299463,33679.370361
1664.837918,-14172.766713,-14285.974681,29312.155303
1664.838235,-4903.011187,5625.565159,23908.651927
1664.838552,-1762.019645,34197.514520,666.185348
1664.838869,1838.629195,48853.592172,-10881.027347
1664.839187,5898.935335,41969.676911,-10066.800811
1664.839504,15781.567259,30496.484810,-18135.045579
1664.839821,16930.710506,17912.983796,-26129.269753
1664.840138,14785.643111,11029.068536,-20059.581028
1664.840456,4443.353888,9104.533087,-17616.901420
1664.840773,-4290.134789,-8808.450710,-4441.235652
1664.841090,-9959.241474,-26203.290347,37010.297100
1664.841407,-12410.747068,-30940.608376,40415.244433
1664.841725,-17160.539155,-30348.443622,32569.061448
1664.842042,-12027.699319,-28794.011144,43746.171172
1664.842359,-14249.376263,-26647.413912,37824.523636
1664.842676,-11414.822920,-29090.093521,37528.441259
1664.842994,-1455.581446,-7624.121203,27757.722825
1664.843311,-383.047749,27461.640448,-2960.823768
1664.843628,8656.879127,43598.129984,-10436.903782
1664.843945,14402.595362,48113.386230,-7994.224174
1664.844263,24515.055936,27905.764013,-18505.148550
1664.844580,25434.370534,27239.578666,-31162.670158
1664.844897,23059.474490,11621.233289,-29534.217086
1664.845214,8427.050478,-4441.235652,-14211.954086
1664.845532,-229.828649,-26573.393318,15766.386565
1664.845849,-5822.325785,-29682.258274,27165.558071
1664.846166,-11031.775171,-29608.237680,26721.434506
1664.846483,-8963.317327,-31828.855506,44560.397708
1664.846801,-12640.575717,-29238.134709,49593.798114
1664.847118,-7354.516781,-26943.496289,47225.139100
1664.847435,-1991.848295,-3404.947333,32346.999665
1664.847752,6128.763984,10288.862594,23612.569550
1664.848070,9116.536426,34271.535115,-7254.018232
1664.848387,10572.117872,40933.388593,-15840.407159
1664.848704,11108.384721,34937.720462,1924.535449
1664.849021,16777.491406,20355.663405,-9844.739029
1664.849339,24361.836836,19467.416275,-36344.111752
1664.849656,18922.558801,11991.336260,-32643.082042
1664.849973,2451.505594,-9178.553681,-2294.638420
1664.850290,-2068.457845,-22650.301825,14359.995275
1664.850607,-9039.926876,-26055.249158,19319.375086
1664.850925,-9806.022374,-27239.578666,30718.546593
1664.851242,-12257.527968,-28942.052332,38564.729578
1664.851559,-14555.814462,-26721.434506,37528.441259
1664.851876,-9806.022374,-25759.166782,39749.059085
1664.852194,-7048.078582,-9474.636058,29090.093521
1664.852511,-1685.410096,7402.059420,16728.654289
1664.852828,6588.421283,33753.390955,4367.215058
1664.853145,5592.497135,46040.809592,-18357.107362
1664.853463,8427.050478,35529.885216,-5477.523971
1664.853780,13176.842566,24944.940245,-13989.892304
1664.854097,18616.120601,19541.436869,-26203.290347
1664.854414,10265.679673,10436.903782,-29090.093521
1664.854732,2374.896044,518.144159,-13323.706956
1664.855049,-7737.564530,-18135.045579,13175.665768
1664.855366,-10648.727422,-22724.322419,21169.889941
1664.855683,-11491.432470,-33161.226202,31828.855506
1664.856001,-17926.634653,-22946.384202,35085.761651
1664.856318,-17237.148705,-26277.310941,39008.853143
1664.856635,-11261.603821,-31162.670158,40785.347404
1664.856952,-16854.100956,-25611.125593,33383.287984
1664.857270,-6281.983084,-2146.597232,23834.631332
1664.857587,-2451.505594,24278.754898,-1480.411884
1664.857904,2374.896044,42191.738694,-9252.574275
1664.858221,7967.393179,43820.191766,-12139.377449
1664.858539,17466.977354,31828.855506,-14211.954086
1664.858856,22369.988542,21614.013506,-30200.402434
1664.859174,17313.758255,12213.398043,-24056.693115
1664.859491,9806.022374,5847.626942,-17764.942608
1664.859808,-2451.505594,-11177.109724,-9252.574275
1664.860126,-2068.457845,-29312.155303,42783.903448
1664.860443,-11951.089769,-29312.155303,38490.708984
1664.860760,-13406.671215,-28053.805202,34937.720462
1664.861078,-11874.480219,-28794.011144,48039.365636
1664.861395,-11797.870669,-22872.363608,42857.924042
1664.861712,-8427.050478,-21762.054695,39452.976709
1664.862030,3983.696590,1924.535449,26351.331535
1664.862347,5592.497135,30052.361245,-8142.265362
1664.862664,10801.946522,40785.347404,-15692.365970
1664.862982,11414.822920,37750.503042,-74.020594
1664.863299,21910.331243,24056.693115,-21317.931130
1664.863616,26736.732880,23242.466579,-37158.338288
1664.863934,17390.367805,10066.800811,-34789.679274
1664.864251,5056.230287,-12805.562797,11769.274478
1664.864568,-5439.278036,-32421.020260,11917.315666
1664.864886,-9729.412825,-26647.413912,9696.697840
1664.865203,-8656.879127,-35974.008781,33605.349767
1664.865520,-15781.567259,-27165.558071,45966.788998
1664.865838,-11491.432470,-33531.329173,46410.912563
1664.866155,-7660.954980,-14211.954086,35825.967593
1664.866472,-3140.991542,-814.226536,34567.617491
1664.866790,4060.306139,14878.139434,22650.301825
1664.867107,11491.432470,34937.720462,-1628.453072
1664.867424,9422.974625,38712.770767,-19911.539840
1664.867742,8120.612279,32939.164419,-4219.173869
1664.868059,14938.862211,17172.777854,-8586.388927
1664.868376,21297.454844,18283.086767,-35159.782245
1664.868694,17543.586904,5477.523971,-24204.734303
1664.869011,229.828649,-1332.370696,-6957.935855
1664.869329,-4596.572988,-16580.613101,19393.395680
1664.869646,-10955.165621,-25759.166782,20059.581028
1664.869963,-8350.440928,-30052.361245,27461.640448
1664.870281,-12870.404366,-24500.816680,37750.503042
1664.870598,-9729.412825,-27313.599260,42931.944636
1664.870915,-9882.631924,-28127.825796,29312.155303
1664.871233,-9269.755526,-15766.386565,30274.423028
1664.871550,-3294.210641,6661.853478,18801.230927
1664.871867,5132.839837,35233.802839,2442.679609
1664.872185,4673.182538,48779.571578,-19985.560434
1664.872502,10572.117872,44264.315332,-8882.471304
1664.872819,14862.252661,29682.258274,-18061.024985
1664.873137,17160.539155,20947.828159,-31162.670158
1664.873454,12257.527968,8068.244768,-22724.322419
1664.873771,0.000000,-3108.864956,-8142.265362
1664.874089,-9039.926876,-22132.157666,16580.613101
1664.874406,-11338.213370,-24944.940245,24204.734303
1664.874723,-17083.929605,-28423.908173,34049.473332
1664.875041,-19612.044749,-29534.217086,45226.583056
1664.875358,-18692.730151,-26943.496289,47669.262665
1664.875675,-13023.623466,-21391.951724,37898.544230
1664.875993,-13636.499864,-18653.189738,27239.578666
1664.876310,-2221.676944,3849.070898,22502.260637
1664.876627,-536.266849,26869.475695,-2442.679609
1664.876945,4290.134789,40415.244433,-9104.533087
1664.877262,8810.098227,38860.811955,-14730.098246
1664.877579,23059.474490,32272.979071,-15692.365970
1664.877897,23595.741338,22428.240043,-34493.596897
1664.878214,20071.702048,11843.295072,-24870.919651
1664.878531,9806.022374,3404.947333,-18653.189738
1664.878849,-3370.820191,-15396.283594,10214.842000
1664.879166,-5745.716235,-28645.969955,28794.011144
1664.879483,-13253.452115,-34567.617491,32717.102636
1664.879801,-13023.623466,-30718.546593,49593.798114
1664.880118,-14785.643111,-33901.432144,49075.653955
1664.880436,-9346.365076,-23612.569550,43746.171172
1664.880753,-7277.907231,-14952.160028,40045.141462
1664.881070,4060.306139,9770.718434,23094.425390
1664.881388,11338.213370,37010.297100,-7476.080014
1664.881705,11568.042020,48039.365636,-20207.622217
1664.882022,15858.176809,36936.276506,-962.267725
1664.882340,19841.873398,21243.910535,-22428.240043
1664.882657,26660.123330,19763.498651,-33753.390955
1664.882974,19228.997000,7550.100608,-31310.711347
1664.883292,4136.915689,-13175.665768,1850.514855
1664.883609,-1762.019645,-25463.084405,13175.665768
1664.883926,-9039.926876,-26943.496289,20577.725188
1664.884244,-12947.013916,-31976.896694,36418.132346
1664.884561,-14479.204912,-32643.082042,46262.871375
1664.884878,-10342.289223,-31606.793723,44856.480085
1664.885196,-6128.763984,-15692.365970,37750.503042
1664.885513,-4136.915689,-1850.514855,26203.290347
1664.885830,4290.134789,14952.160028,19245.354492
1664.886148,13483.280765,36048.029375,-8364.327145
1664.886465,11338.213370,46336.891969,-15692.365970
1664.886782,11797.870669,35751.946999,-6217.729913
1664.887100,17696.806004,18949.272115,-18949.272115
1664.887417,19075.777900,16802.674883,-30644.525999
1664.887734,7890.783629,1036.288319,-24278.754898
1664.888052,-2145.067394,-15248.242405,16654.633695
1664.888369,-9576.193725,-25092.981434,15248.242405
1664.888686,-11108.384721,-26943.496289,15322.262999
1664.889004,-11951.089769,-26129.269753,34345.555709
1664.889321,-19535.435199,-26277.310941,36492.152941
1664.889638,-11568.042020,-30348.443622,46040.809592
1664.889956,-12180.918418,-20577.725188,32939.164419
1664.890273,-8273.831378,-1332.370696,25389.063811
1664.890591,306.438199,16210.510130,24796.899057
1664.890908,4060.306139,39378.956114,-6809.894666
1664.891225,4903.011187,43450.088795,-13027.624579
1664.891543,7967.393179,37972.564825,-11843.295072
1664.891860,16700.881856,24278.754898,-18061.024985
1664.892177,19918.482948,16210.510130,-31828.855506
1664.892495,10955.165621,11103.089130,-24056.693115
1664.892812,536.266849,-4071.132681,-5847.626942
1664.893129,-9116.536426,-23316.487173,26721.434506
1664.893447,-11568.042020,-26277.310941,27683.702231
1664.893764,-17160.539155,-25537.104999,28423.908173
1664.894081,-19458.825649,-25833.187376,44190.294737
1664.894399,-17237.148705,-28423.908173,49297.715737
1664.894716,-17543.586904,-28053.805202,34567.617491
1664.895033,-10801.946522,-16728.654289,32198.958477
1664.895351,-1455.581446,10658.965565,28719.990550
1664.895668,-229.828649,33309.267390,-7179.997637
1664.895985,8273.831378,46706.994940,-10881.027347
1664.896303,14249.376263,42487.821071,-15100.201217
1664.896620,26660.123330,30644.525999,-19245.354492
1664.896937,23672.350888,22206.178260,-33013.185013
1664.897255,19228.997000,9844.739029,-28868.031738
1664.897572,13483.280765,-3034.844362,-10362.883188
1664.897889,-5975.544884,-16802.674883,-2886.803174
1664.898207,-4903.011187,-23390.507767,35677.926404
1664.898524,-16700.881856,-27239.578666,38564.729578
1664.898841,-14172.766713,-32791.123231,49001.633360
1664.899159,-12104.308868,-35307.823433,47891.324447
1664.899476,-10112.460574,-23242.466579,42043.697506
1664.899793,-6971.469032,-18727.210333,38934.832549
1664.900111,6511.811733,8586.388927,21169.889941
1664.900428,10878.556072,33901.432144,-11103.089130
1664.900746,12487.356617,47373.180288,-13175.665768
1664.901063,17773.415554,39971.120868,-5255.462188
1664.901380,24668.275036,27313.599260,-26499.372724
1664.901698,27809.266577,21688.034101,-35677.926404
1664.902015,17543.586904,5403.503377,-31680.814318
1664.902332,5132.839837,-17690.922014,6217.729913
1664.902650,-3447.429741,-27165.558071,7402.059420
1664.902967,-9346.365076,-25833.187376,16580.613101
1664.903284,-12640.575717,-26795.455100,38860.811955
1664.903602,-13253.452115,-31606.793723,46188.850781
1664.903919,-7890.783629,-33753.390955,45596.686027
1664.904236,-5362.668486,-14211.954086,37898.544230
1664.904554,-1608.800546,1924.535449,31532.773129
1664.904871,6971.469032,16062.468941,17246.798449
1664.905188,15015.471761,33753.390955,-9326.594869
1664.905506,9193.145976,41451.532752,-18061.024985
1664.905823,9193.145976,31310.711347,-2220.617826
1664.906140,15704.957709,21095.869347,-21984.116477
1664.906458,21986.940793,22576.281231,-36714.214723
1664.906775,9959.241474,3552.988522,-22576.281231
1664.907092,-2681.334243,-12509.480420,16506.592507
1664.907410,-10265.679673,-21836.075289,11917.315666
1664.907727,-11644.651570,-25833.187376,18579.169144
1664.908044,-14555.814462,-25463.084405,29830.299463
1664.908362,-21297.454844,-24426.796086,32569.061448
1664.908679,-13406.671215,-31828.855506,48409.468607
1664.908996,-12717.185267,-23834.631332,38416.688390
1664.909314,-14172.766713,-9474.636058,26721.434506
1664.909631,-2145.067394,7105.977043,26943.496289
1664.909948,-76.609550,35677.926404,-6069.688724
1664.910266,2681.334243,44856.480085,-15174.221811
1664.910583,4290.134789,40045.141462,-9770.718434
1664.910900,14172.766713,26795.455100,-13989.892304
1664.911218,18845.949251,16580.613101,-26795.455100
1664.911535,15628.348159,16062.468941,-25833.187376
1664.911853,4749.792088,9326.594869,-16210.510130
1664.912170,-4596.572988,-14211.954086,18135.045579
1664.912487,-8886.707777,-26055.249158,30718.546593
1664.912805,-15168.690860,-30422.464216,29238.134709
1664.913122,-18922.558801,-25389.063811,41821.635723
1664.913439,-18233.072852,-28053.805202,46781.015534
1664.913757,-9882.631924,-27757.722825,45152.562462
1664.914074,-7737.564530,-24500.816680,32717.102636
1664.914391,-2068.457845,3701.029710,27683.702231
1664.914709,4060.306139,30348.443622,-3775.050304
1664.915026,8350.440928,44560.397708,-15766.386565
1664.915343,19535.435199,41229.470969,-5107.421000
1664.915661,24208.617737,29312.155303,-21317.931130
1664.915978,30107.553071,27313.599260,-36270.091158
1664.916295,24515.055936,10584.944971,-31310.711347
1664.916613,12640.575717,-2368.659014,-12805.562797
1664.916930,-919.314598,-19985.560434,1850.514855
1664.917247,-7048.078582,-23538.548956,33235.246796
1664.917565,-14172.766713,-29016.072926,35159.782245
1664.917882,-14785.643111,-30644.525999,44190.294737
1664.918199,-13789.718964,-39452.976709,57143.898722
1664.918517,-9039.926876,-23686.590144,46484.933158
1664.918834,-5209.449386,-14508.036463,36936.276506
1664.919151,6358.592633,7105.977043,19097.313304
1664.919469,13023.623466,31902.876100,-1184.329507
1664.919786,9882.631924,42561.841665,-15840.407159
1664.920103,16471.053207,39675.038491,-3182.885551
1664.920421,22523.207641,22946.384202,-21836.075289
1664.920738,24591.665486,22058.137072,-35603.905810
1664.921055,19152.387450,8734.430116,-31014.628970
1664.921373,1762.019645,-8142.265362,-2220.617826
1664.921690,-4903.011187,-29238.134709,10658.965565
1664.922008,-10342.289223,-26795.455100,19689.478057
1664.922325,-14325.985813,-28275.866984,28794.011144
1664.922642,-11874.480219,-30348.443622,36418.132346
1664.922960,-12104.308868,-35307.823433,47225.139100
1664.923277,-8197.221829,-23464.528361,39156.894332
1664.923594,-7048.078582,-7179.997637,30496.484810
1664.923912,0.000000,7402.059420,22502.260637
1664.924229,7431.126331,35455.864622,-518.144159
1664.924546,3140.991542,48483.489201,-13101.645173
1664.924864,8427.050478,36418.132346,-6439.791695
1664.925181,14632.424012,29164.114115,-13027.624579
1664.925498,19458.825649,24130.713709,-34049.473332
1664.925816,15704.957709,11399.171507,-28423.908173
1664.926133,4979.620737,-296.082377,-14508.036463
1664.926450,-9422.974625,-11695.253884,6291.750507
1664.926768,-7124.688131,-24796.899057,30496.484810
1664.927085,-18769.339701,-29904.320057,25611.125593
1664.927402,-17926.634653,-20725.766376,36714.214723
1664.927720,-17390.367805,-31236.690752,44412.356520
1664.928037,-15245.300410,-31384.731941,46484.933158
1664.928354,-19688.654299,-27239.578666,31754.834912
1664.928672,-9422.974625,-2590.720797,26573.393318
1664.928989,-4979.620737,13249.686362,8660.409521
1664.929306,2834.553343,39378.956114,-13175.665768
1664.929624,8120.612279,53072.766041,-11695.253884
1664.929941,15858.176809,36196.070564,-16210.510130
1664.930258,25434.370534,21614.013506,-27165.558071
1664.930576,20837.797546,20281.642811,-30718.546593
1664.930893,14709.033562,10510.924376,-21021.848753
1664.931210,-2298.286494,-13397.727550,-6957.935855
1664.931528,-5515.887586,-28275.866984,36122.049970
1664.931845,-15475.129060,-26055.249158,38564.729578
1664.932163,-12104.308868,-28423.908173,31458.752535
1664.932480,-20378.140247,-33161.226202,45078.541868
1664.932797,-9116.536426,-27757.722825,55589.466244
1664.933115,-9652.803275,-20133.601622,40267.203245
1664.933432,1455.581446,-1406.391290,25167.002028
1664.933749,9959.241474,22280.198854,12879.583391
1664.934067,9269.755526,36566.173535,-14137.933492
1664.934384,15168.690860,39823.079680,-6217.729913
1664.934701,22982.864940,29312.155303,-13619.789333
1664.935019,26736.732880,26647.413912,-36048.029375
1664.935336,27043.171079,17616.901420,-37454.420665
1664.935653,9499.584175,-4219.173869,-15692.365970
1664.935971,3907.087040,-20651.745782,12805.562797
1664.936288,-7431.126331,-26203.290347,14359.995275
1664.936605,-13559.890315,-26943.496289,23020.404796
1664.936923,-13866.328514,-33901.432144,38564.729578
1664.937240,-16624.272307,-33901.432144,49149.674549
1664.937557,-10572.117872,-28794.011144,44930.500679
1664.937875,-5898.935335,-16210.510130,41969.676911
1664.938192,0.000000,444.123565,37380.400071
1664.938509,9193.145976,25611.125593,10362.883188
1664.938827,13942.938064,39378.956114,-15396.283594
1664.939144,8273.831378,41155.450375,-3997.112087
1664.939461,17160.539155,28127.825796,-4367.215058
1664.939779,24132.008187,23834.631332,-34493.596897
1664.940096,24055.398637,18283.086767,-33457.308578
1664.940413,11031.775171,3997.112087,-18061.024985
1664.940731,-2528.115143,-11547.212695,-3034.844362
1664.941048,-4903.011187,-23168.445985,25018.960840
1664.941365,-14325.985813,-23538.548956,27387.619854
1664.941683,-13176.842566,-26943.496289,30348.443622
1664.942000,-15168.690860,-30940.608376,36418.132346
1664.942317,-14019.547613,-29978.340651,43672.150578
1664.942635,-15092.081311,-30422.464216,37232.358883
1664.942952,-8963.317327,-9992.780217,27017.516883
1664.943270,153.219100,8660.409521,19171.333898
1664.943587,5822.325785,33679.370361,-9400.615463
1664.943904,4903.011187,52110.498317,-13027.624579
1664.944222,10725.336972,44042.253549,-15322.262999
1664.944539,19458.825649,24870.919651,-23908.651927
1664.944856,21067.626195,24056.693115,-30126.381839
1664.945174,11568.042020,8438.347739,-24204.734303
1664.945491,1915.238745,-6217.729913,-10510.924376
1664.945808,-10725.336972,-21169.889941,16136.489536
1664.946126,-12257.527968,-24870.919651,29682.258274
1664.946443,-16317.834107,-31014.628970,34419.576303
1664.946760,-20607.968896,-25685.146187,42635.862259
1664.947078,-16854.100956,-24352.775492,48705.550984
1664.947395,-12563.966167,-22946.384202,43746.171172
1664.947712,-9499.584175,-16580.613101,31902.876100
1664.948030,1149.143247,2886.803174,26425.352129
1664.948347,536.266849,30348.443622,-10584.944971
1664.948664,5362.668486,43672.150578,-14211.954086
1664.948982,17160.539155,43079.985824,-10362.883188
1664.949299,28192.314326,34641.638086,-25537.104999
1664.949616,31486.524968,27387.619854,-34937.720462
1664.949934,23289.303139,12879.583391,-28942.052332
1664.950251,10572.117872,-5847.626942,-10140.821405
1664.950568,4213.525239,-23390.507767,11769.274478
1664.950886,-7354.516781,-23834.631332,25537.104999
1664.951203,-11874.480219,-31236.690752,39897.100274
1664.951520,-11721.261119,-30348.443622,48705.550984
1664.951838,-9806.022374,-20281.642811,50334.004056
1664.952155,-5592.497135,-10881.027347,43524.109390
1664.952472,1532.190996,2368.659014,32346.999665
1664.952790,10801.946522,21614.013506,3997.112087
1664.953107,17313.758255,41155.450375,-14952.160028
1664.953425,11031.775171,43302.047607,-14137.933492
1664.953742,15934.786358,30422.464216,-17542.880825
1664.954059,21527.283494,23464.528361,-32124.937883
1664.954377,17313.758255,9400.615463,-27091.537477
1664.954694,7201.297681,-7105.977043,8956.491898
1664.955011,-3983.696590,-22502.260637,18801.230927
1664.955329,-6128.763984,-28201.846390,18209.066173
1664.955646,-7354.516781,-25537.104999,32421.020260
1664.955963,-11261.603821,-23686.590144,45522.665433
1664.956281,-10342.289223,-20207.622217,40267.203245
1664.956598,383.047749,-370.102971,33235.246796
1664.956915,3064.381992,19245.354492,19763.498651
1664.957233,6665.030833,26647.413912,9030.512492
1664.957550,14785.643111,32421.020260,-11547.212695
1664.957867,12334.137518,30422.464216,-18949.272115
1664.958185,8656.879127,21317.931130,-11473.192101
1664.958502,2528.115143,8734.430116,-17024.736666
1664.958819,4366.744339,-3034.844362,-8808.450710
1664.959137,3447.429741,-12139.377449,15322.262999
1664.959454,-2604.724693,-13101.645173,29830.299463
1664.959771,-3830.477490,-17542.880825,21984.116477
1664.960089,-3447.429741,-14211.954086,24722.878463
1664.960406,-3524.039291,-15100.201217,29904.320057
1664.960723,-6052.154434,-3701.029710,21169.889941
1664.961040,-766.095498,6957.935855,16284.530724
1664.961358,6741.640382,22650.301825,13027.624579
1664.961675,5669.106685,23464.528361,-2812.782580
1664.961992,10112.460574,18061.024985,-3849.070898
1664.962310,10648.727422,5403.503377,-666.185348
1664.962627,5745.716235,3108.864956,-4589.276840
1664.962944,919.314598,-74.020594,-7402.059420
1664.963261,1762.019645,-4367.215058,9400.615463
1664.963579,1915.238745,-2146.597232,14359.995275
1664.963896,3064.381992,4589.276840,14804.118840
1664.964213,-1991.848295,2146.597232,14730.098246
1664.964530,-1762.019645,-3256.906145,18949.272115
1664.964848,-2145.067394,-3034.844362,15766.386565
1664.965165,-2221.676944,-2664.741391,7105.977043
1664.965482,-1685.410096,2812.782580,7624.121203
1664.965800,0.000000,2886.803174,16728.654289
1664.966117,1455.581446,4145.153275,14211.954086
1664.966434,3370.820191,6217.729913,4145.153275
1664.966751,5745.716235,5181.441594,8364.327145
1664.967069,5439.278036,3034.844362,9104.533087
1664.967386,6511.811733,3923.091493,2738.761985
1664.967703,7737.564530,8808.450710,-296.082377
1664.968021,7737.564530,9622.677246,7105.977043
1664.968338,7048.078582,9992.780217,4367.215058
1664.968655,6511.811733,2738.761985,5921.647536
1664.968972,4903.011187,-2072.576638,13027.624579
1664.969290,1762.019645,-2812.782580,10436.903782
1664.969607,229.828649,-1776.494261,5773.606348
1664.969924,-459.657299,-6439.791695,15470.304188
1664.970241,-459.657299,-5847.626942,21465.972318
1664.970559,-2221.676944,-4441.235652,18949.272115
1664.970876,-306.438199,4737.318029,9252.574275
1664.971193,2681.334243,4441.235652,10584.944971
1664.971511,4903.011187,5847.626942,8808.450710
1664.971828,6205.373534,6217.729913,4885.359217
1664.972145,8580.269578,9992.780217,-1036.288319
1664.972462,6818.249932,7105.977043,814.226536
1664.972780,6971.469032,1554.432478,10658.965565
1664.973097,6128.763984,-1258.350101,14137.933492
1664.973414,5592.497135,-444.123565,11029.068536
1664.973731,2911.162892,-1258.350101,11695.253884
1664.974049,2221.676944,-2368.659014,14434.015869
1664.974366,2298.286494,1110.308913,7772.162391
1664.974683,2911.162892,3330.926739,4737.318029
1664.975001,1455.581446,3256.906145,7179.997637
1664.975318,536.266849,3034.844362,10658.965565
1664.975635,1915.238745,2664.741391,9104.533087
1664.975952,2145.067394,5107.421000,7920.203579
1664.976270,1532.190996,3849.070898,10362.883188
1664.976587,1455.581446,1776.494261,8660.409521
1664.976904,2145.067394,-1036.288319,9474.636058
1664.977222,0.000000,-222.061783,11843.295072
1664.977539,-689.485948,-0.000000,15692.365970
1664.977856,76.609550,2072.576638,11769.274478
1664.978173,2681.334243,4071.132681,10140.821405
1664.978491,2834.553343,4367.215058,10955.047942
1664.978808,3677.258390,5107.421000,7328.038826
1664.979125,4903.011187,5699.585753,2960.823768
1664.979442,6971.469032,4071.132681,3775.050304
1664.979760,5898.935335,2368.659014,6365.771101
1664.980077,4749.792088,2886.803174,7402.059420
1664.980394,4519.963438,2960.823768,8290.306550
1664.980712,1915.238745,2516.700203,8734.430116
1664.981029,383.047749,888.247130,11547.212695
1664.981346,0.000000,2072.576638,11547.212695
1664.981663,-306.438199,1850.514855,9770.718434
1664.981981,-1608.800546,-1110.308913,13619.789333
1664.982298,-1915.238745,-2516.700203,17616.901420
1664.982615,306.438199,1258.350101,16136.489536
1664.982933,3447.429741,5699.585753,9474.636058
1664.983250,6435.202183,6809.894666,7179.997637
1664.983567,8044.002729,7920.203579,5773.606348
1664.983884,9193.145976,9252.574275,1554.432478
1664.984202,8810.098227,8808.450710,74.020594
1664.984519,6665.030833,6217.729913,4811.338623
1664.984836,4366.744339,2146.597232,10066.800811
1664.985153,2068.457845,592.164754,10807.006753
1664.985471,383.047749,222.061783,13101.645173
1664.985788,-612.876398,-1998.556043,14952.160028
1664.986105,76.609550,-2442.679609,13767.830521
1664.986423,1532.190996,-222.061783,11621.233289
1664.986740,2221.676944,814.226536,10955.047942
1664.987057,2374.896044,3552.988522,9622.677246
1664.987374,3217.601092,5181.441594,7105.977043
1664.987692,4290.134789,7031.956449,5551.544565
1664.988009,4290.134789,7624.121203,5403.503377
1664.988326,3830.477490,6661.853478,6883.915261
1664.988643,2834.553343,4515.256246,7624.121203
1664.988961,2145.067394,1406.391290,11325.150913
1664.989278,689.485948,-0.000000,12583.501014
1664.989595,842.705048,-1406.391290,13027.624579
1664.989913,1455.581446,-1258.350101,11177.109724
1664.990230,1838.629195,-1036.288319,10140.821405
1664.990547,2298.286494,148.041188,10436.903782
1664.990864,3140.991542,2812.782580,8956.491898
1664.991182,3907.087040,3627.009116,8438.347739
1664.991499,3370.820191,3923.091493,9030.512492
1664.991816,2528.115143,3923.091493,11029.068536
1664.992134,1455.581446,4293.194464,9622.677246
1664.992451,1762.019645,2886.803174,8438.347739
1664.992768,1532.190996,2590.720797,9030.512492
1664.993085,2757.943793,1628.453072,9992.780217
1664.993403,3907.087040,1184.329507,9400.615463
1664.993720,4213.525239,-148.041188,9548.656652
1664.994037,4673.182538,-1554.432478,11917.315666
1664.994354,4136.915689,370.102971,10658.965565
1664.994672,5056.230287,2812.782580,9252.574275
1664.994989,4673.182538,4811.338623,6883.915261
1664.995306,3907.087040,5625.565159,7179.997637
1664.995624,3447.429741,6587.832884,5551.544565
1664.995941,2834.553343,5329.482782,6513.812290
1664.996258,1685.410096,2664.741391,8660.409521
1664.996575,383.047749,-296.082377,11473.192101
1664.996893,229.828649,-2146.597232,12213.398043
1664.997210,689.485948,-2220.617826,11917.315666
1664.997527,842.705048,-1332.370696,11251.130318
1664.997845,2068.457845,-222.061783,10732.986159
1664.998162,2451.505594,1628.453072,9696.697840
1664.998479,2374.896044,3923.091493,7031.956449
1664.998796,2451.505594,6069.688724,7179.997637
1664.999114,3370.820191,5551.544565,7105.977043
1664.999431,3140.991542,4071.132681,7254.018232
1664.999748,2374.896044,2368.659014,7402.059420
1665.000065,1072.533697,2146.597232,8660.409521
1665.000383,689.485948,1184.329507,9474.636058
1665.000700,383.047749,-1110.308913,11399.171507
1665.001017,153.219100,-1702.473667,12879.583391
1665.001335,76.609550,-1628.453072,13619.789333
1665.001652,1608.800546,-0.000000,11991.336260
1665.001969,2068.457845,962.267725,9400.615463
1665.002286,2451.505594,1998.556043,8882.471304
1665.002604,2451.505594,3034.844362,7994.224174
1665.002921,2528.115143,2442.679609,8142.265362
1665.003238,1991.848295,2516.700203,9252.574275
1665.003555,1762.019645,2146.597232,10881.027347
1665.003873,1149.143247,2294.638420,9622.677246
1665.004190,1455.581446,1480.411884,10140.821405
1665.004507,919.314598,592.164754,11325.150913
1665.004825,612.876398,-518.144159,11251.130318
1665.005142,612.876398,-148.041188,10732.986159
1665.005459,1149.143247,-0.000000,10584.944971
1665.005776,2145.067394,-148.041188,11251.130318
1665.006094,2298.286494,666.185348,10362.883188
1665.006411,3064.381992,1998.556043,9622.677246
1665.006728,3294.210641,3108.864956,8364.327145
1665.007046,3907.087040,3701.029710,8142.265362
1665.007363,4060.306139,4219.173869,7476.080014
1665.007680,4060.306139,4145.153275,8068.244768
1665.007997,3447.429741,3108.864956,8216.285956
1665.008315,3447.429741,1702.473667,8882.471304
1665.008632,3370.820191,518.144159,9548.656652
1665.008949,4136.915689,296.082377,9918.759623
1665.009266,4443.353888,1036.288319,9770.718434
1665.009584,4136.915689,1480.411884,9474.636058
1665.009901,4366.744339,1924.535449,8956.491898
1665.010218,4519.963438,2516.700203,8068.244768
1665.010536,4596.572988,3552.988522,7402.059420
1665.010853,4060.306139,3849.070898,7179.997637
1665.011170,3677.258390,3627.009116,6587.832884
1665.011487,3370.820191,3849.070898,6291.750507
1665.011805,3370.820191,3552.988522,6957.935855
1665.012122,2911.162892,2220.617826,7624.121203
1665.012439,1991.848295,370.102971,8956.491898
1665.012757,1072.533697,-222.061783,10214.842000
1665.013074,919.314598,-370.102971,10807.006753
1665.013391,766.095498,-0.000000,11029.068536
1665.013708,842.705048,814.226536,10288.862594
1665.014026,1762.019645,2664.741391,9696.697840
1665.014343,1838.629195,4737.318029,7846.182985
1665.014660,2451.505594,5995.668130,6439.791695
1665.014977,2298.286494,6587.832884,5773.606348
1665.015295,2451.505594,5033.400406,6513.812290
1665.015612,2068.457845,3775.050304,7772.162391
1665.015929,2068.457845,2294.638420,8956.491898
1665.016247,2298.286494,962.267725,10288.862594
1665.016564,2681.334243,1036.288319,11029.068536
1665.016881,3447.429741,1998.556043,11103.089130
1665.017198,4443.353888,3478.967927,10140.821405
1665.017516,4979.620737,5107.421000,9030.512492
1665.017833,5515.887586,5995.668130,7994.224174
1665.018150,6128.763984,6513.812290,7476.080014
1665.018467,5975.544884,6735.874072,6883.915261
1665.018785,6281.983084,6809.894666,7698.141797
1665.019102,5975.544884,6661.853478,8808.450710
1665.019419,6818.249932,6069.688724,9030.512492
1665.019737,6435.202183,4515.256246,9696.697840
1665.020054,6205.373534,3478.967927,10362.883188
1665.020371,6665.030833,2664.741391,10807.006753
1665.020688,6435.202183,2368.659014,11029.068536
1665.021006,6665.030833,2664.741391,11621.233289
1665.021323,6741.640382,3923.091493,10881.027347
1665.021640,6435.202183,4515.256246,10362.883188
1665.021958,6741.640382,5477.523971,9770.718434
1665.022275,6128.763984,5773.606348,8364.327145
1665.022592,6435.202183,5107.421000,8956.491898
1665.022909,5975.544884,3849.070898,8216.285956
1665.023227,4749.792088,2516.700203,8882.471304
1665.023544,3677.258390,888.247130,10658.965565
1665.023861,2987.772442,-0.000000,11103.089130
1665.024178,2451.505594,-962.267725,11695.253884
1665.024496,1685.410096,-740.205942,12287.418637
1665.024813,1072.533697,-518.144159,12953.603985
1665.025130,383.047749,1036.288319,11917.315666
1665.025448,689.485948,1850.514855,11843.295072
1665.025765,536.266849,2294.638420,10584.944971
1665.026082,459.657299,3182.885551,9622.677246
1665.026399,842.705048,2368.659014,9030.512492
1665.026717,536.266849,1850.514855,7846.182985
1665.027034,842.705048,74.020594,8956.491898
1665.027351,612.876398,-0.000000,9104.533087
1665.027669,689.485948,-370.102971,9178.553681
1665.027986,459.657299,-814.226536,11103.089130
1665.028303,153.219100,-888.247130,11325.150913
1665.028620,383.047749,-0.000000,11843.295072
1665.028938,459.657299,1628.453072,10140.821405
1665.029255,459.657299,3404.947333,8808.450710
1665.029572,1225.752797,4219.173869,6291.750507
1665.029889,1991.848295,4885.359217,5329.482782
1665.030207,2298.286494,3701.029710,5107.421000
1665.030524,1991.848295,1998.556043,5847.626942
1665.030841,1225.752797,-0.000000,7105.977043
1665.031159,536.266849,-1702.473667,9400.615463
1665.031476,459.657299,-2738.761985,10584.944971
1665.031793,-383.047749,-2294.638420,11103.089130
1665.032110,306.438199,-1480.411884,11177.109724
1665.032428,383.047749,740.205942,9252.574275
1665.032745,1838.629195,2886.803174,8142.265362
1665.033062,2604.724693,3552.988522,6513.812290
1665.033379,3294.210641,4071.132681,6069.688724
1665.033697,3830.477490,4145.153275,5329.482782
1665.034014,4213.525239,3034.844362,5625.565159
1665.034331,3600.648841,2590.720797,6291.750507
1665.034649,4136.915689,-0.000000,8956.491898
1665.034966,3524.039291,-0.000000,9178.553681
1665.035283,3140.991542,444.123565,9030.512492
1665.035600,3064.381992,592.164754,10214.842000
1665.035918,3294.210641,1998.556043,9474.636058
1665.036235,4749.792088,2738.761985,8956.491898
1665.036552,4826.401637,3108.864956,8438.347739
1665.036870,5056.230287,3256.906145,9178.553681
1665.037187,4903.011187,3182.885551,9030.512492
1665.037504,5515.887586,3701.029710,8808.450710
1665.037821,5822.325785,3478.967927,9326.594869
1665.038139,4826.401637,3182.885551,9326.594869
1665.038456,4979.620737,3923.091493,8808.450710
1665.038773,5209.449386,4219.173869,8882.471304
1665.039090,4826.401637,3478.967927,10140.821405
1665.039408,4596.572988,3330.926739,10362.883188
1665.039725,4290.134789,4071.132681,9178.553681
1665.040042,4136.915689,3627.009116,8586.388927
1665.040360,3294.210641,2738.761985,9548.656652
1665.040677,3217.601092,2294.638420,10214.842000
1665.040994,2604.724693,2294.638420,9474.636058
1665.041311,2528.115143,2294.638420,9474.636058
1665.041629,1455.581446,1628.453072,11547.212695
1665.041946,612.876398,1184.329507,12287.418637
1665.042263,-153.219100,1850.514855,11843.295072
1665.042581,153.219100,2664.741391,11769.274478
1665.042898,153.219100,3182.885551,11991.336260
1665.043215,919.314598,3923.091493,11621.233289
1665.043532,1532.190996,5181.441594,9844.739029
1665.043850,1915.238745,4959.379811,9474.636058
1665.044167,2757.943793,4145.153275,9992.780217
1665.044484,2911.162892,3701.029710,8512.368333
1665.044801,3217.601092,3404.947333,8216.285956
1665.045119,2298.286494,2146.597232,8364.327145
1665.045436,1455.581446,740.205942,9252.574275
1665.045753,842.705048,444.123565,9326.594869
1665.046071,153.219100,296.082377,11251.130318
1665.046388,-766.095498,888.247130,11991.336260
1665.046705,-1685.410096,1332.370696,12731.542202
1665.047022,-689.485948,2368.659014,11991.336260
1665.047340,153.219100,3701.029710,11103.089130
1665.047657,612.876398,4219.173869,11029.068536
1665.047974,2068.457845,4885.359217,9548.656652
1665.048291,3294.210641,5699.585753,7402.059420
1665.048609,4060.306139,5477.523971,6735.874072
1665.048926,4596.572988,3701.029710,8142.265362
1665.049243,4596.572988,2738.761985,7772.162391
1665.049561,4366.744339,962.267725,7920.203579
1665.049878,3524.039291,148.041188,8882.471304
1665.050195,3524.039291,-666.185348,10955.047942
1665.050512,3447.429741,-740.205942,9844.739029
1665.050830,3600.648841,148.041188,9400.615463
1665.051147,3907.087040,1998.556043,9992.780217
1665.051464,4749.792088,2368.659014,9844.739029
1665.051782,5209.449386,4515.256246,7698.141797
1665.052099,5515.887586,5921.647536,6143.709319
1665.052416,5209.449386,6513.812290,6513.812290
1665.052733,4826.401637,5847.626942,5699.585753
1665.053051,4749.792088,3997.112087,6513.812290
1665.053368,2834.553343,1702.473667,6365.771101
1665.053685,1838.629195,-1110.308913,8882.471304
1665.054002,459.657299,-3256.906145,9696.697840
1665.054320,383.047749,-5625.565159,11621.233289
1665.054637,-1072.533697,-6217.729913,12953.603985
1665.054954,-919.314598,-5477.523971,14137.933492
1665.055272,-536.266849,-2886.803174,13027.624579
1665.055589,383.047749,-0.000000,12213.398043
1665.055906,1302.362347,2442.679609,10436.903782
1665.056223,1455.581446,4811.338623,8586.388927
1665.056541,2451.505594,6143.709319,7254.018232
1665.056858,2451.505594,6735.874072,4441.235652
1665.057175,2681.334243,4293.194464,5699.585753
1665.057493,2451.505594,1036.288319,6661.853478
1665.057810,1225.752797,-1998.556043,7476.080014
1665.058127,-153.219100,-4737.318029,8364.327145
1665.058444,-1685.410096,-7105.977043,11029.068536
1665.058762,-2757.943793,-8290.306550,13619.789333
1665.059079,-2681.334243,-7994.224174,13397.727550
1665.059396,-3217.601092,-5921.647536,12731.542202
1665.059713,-3370.820191,-3997.112087,13693.809927
1665.060031,-3217.601092,-1184.329507,12657.521608
1665.060348,-1302.362347,1776.494261,10436.903782
1665.060665,-383.047749,5033.400406,5699.585753
1665.060983,229.828649,6439.791695,5551.544565
1665.061300,459.657299,6143.709319,6217.729913
1665.061617,1149.143247,6143.709319,5255.462188
1665.061935,1838.629195,5551.544565,5107.421000
1665.062252,1149.143247,3552.988522,6217.729913
1665.062569,229.828649,-518.144159,6809.894666
1665.062886,-1378.971896,-3478.967927,8290.306550
1665.063204,-1378.971896,-6513.812290,12657.521608
1665.063521,-2374.896044,-6661.853478,11547.212695
1665.063838,-1762.019645,-6365.771101,11843.295072
1665.064156,-2068.457845,-5699.585753,13989.892304
1665.064473,-2298.286494,-2960.823768,13693.809927
1665.064790,-995.924147,1258.350101,11843.295072
1665.065108,383.047749,5107.421000,9104.533087
1665.065425,2681.334243,8290.306550,6217.729913
1665.065742,3600.648841,10436.903782,4219.173869
1665.066060,4903.011187,9844.739029,3997.112087
1665.066377,5898.935335,8586.388927,3034.844362
1665.066694,6205.373534,4737.318029,3330.926739
1665.067012,4673.182538,518.144159,4737.318029
1665.067329,2451.505594,-4441.235652,9252.574275
1665.067646,1915.238745,-8068.244768,13841.851115
1665.067964,306.438199,-9400.615463,14211.954086
1665.068281,-229.828649,-9770.718434,16654.633695
1665.068598,-1838.629195,-8290.306550,17246.798449
1665.068916,-1838.629195,-5477.523971,17987.004391
1665.069233,-612.876398,-0.000000,15618.345376
1665.069550,1838.629195,5033.400406,11103.089130
1665.069868,2604.724693,9400.615463,5551.544565
1665.070185,4290.134789,11325.150913,4737.318029
1665.070502,5515.887586,11547.212695,3775.050304
1665.070819,6435.202183,9696.697840,2960.823768
1665.071137,6971.469032,6291.750507,3256.906145
1665.071454,4749.792088,1184.329507,3701.029710
1665.071771,2068.457845,-4885.359217,9252.574275
1665.072089,76.609550,-9104.533087,15396.283594
1665.072406,-1378.971896,-9844.739029,16358.551318
1665.072723,-1991.848295,-9474.636058,16284.530724
1665.073041,-2987.772442,-7846.182985,17098.757260
1665.073358,-2451.505594,-4515.256246,18431.127956
1665.073675,-1532.190996,1628.453072,14359.995275
1665.073993,842.705048,5403.503377,8364.327145
1665.074310,919.314598,9104.533087,3849.070898
1665.074627,1302.362347,9844.739029,3330.926739
1665.074945,2145.067394,11769.274478,1184.329507
1665.075262,3830.477490,10807.006753,2294.638420
1665.075579,3907.087040,7994.224174,3923.091493
1665.075897,1532.190996,3108.864956,3627.009116
1665.076214,-689.485948,-2590.720797,6661.853478
1665.076531,-1991.848295,-7624.121203,15322.262999
1665.076849,-2681.334243,-11621.233289,16802.674883
1665.077166,-2681.334243,-12065.356855,13915.871710
1665.077483,-2911.162892,-11399.171507,15988.448347
1665.077801,-3907.087040,-7476.080014,16950.716072
1665.078118,-2681.334243,-2368.659014,15100.201217
1665.078435,229.828649,1850.514855,12657.521608
1665.078753,766.095498,7550.100608,4737.318029
1665.079070,995.924147,9696.697840,2072.576638
1665.079387,919.314598,11473.192101,962.267725
1665.079704,2451.505594,10510.924376,3108.864956
1665.080022,3830.477490,8142.265362,4515.256246
1665.080339,2911.162892,5107.421000,2294.638420
1665.080656,612.876398,-74.020594,3552.988522
1665.080974,-689.485948,-7624.121203,14211.954086
1665.081291,-1991.848295,-12583.501014,16210.510130
1665.081608,-1302.362347,-14878.139434,16950.716072
1665.081926,-2298.286494,-15618.345376,19837.519246
1665.082243,-4136.915689,-12287.418637,19615.457463
1665.082560,-2451.505594,-7550.100608,19911.539840
1665.082878,-919.314598,740.205942,14878.139434
1665.083195,2451.505594,5551.544565,9622.677246
1665.083512,2911.162892,12139.377449,2146.597232
1665.083830,4979.620737,14211.954086,0.000000
1665.084147,7354.516781,15470.304188,-1036.288319
1665.084464,8810.098227,12139.377449,-1776.494261
1665.084782,8044.002729,7624.121203,-1258.350101
1665.085099,5056.230287,1776.494261,-814.226536
1665.085416,3064.381992,-6957.935855,10436.903782
1665.085734,0.000000,-12805.562797,12583.501014
1665.086051,0.000000,-16802.674883,17468.860231
1665.086368,-2757.943793,-18209.066173,20355.663405
1665.086686,-5132.839837,-15914.427753,22206.178260
1665.087003,-4519.963438,-9474.636058,23094.425390
1665.087320,-2987.772442,-1332.370696,17987.004391
1665.087638,995.924147,5773.606348,8808.450710
1665.087955,1532.190996,11621.233289,2960.823768
1665.088272,2987.772442,16062.468941,-1406.391290
1665.088589,6894.859482,18949.272115,-2294.638420
1665.088907,6511.811733,18283.086767,-4737.318029
1665.089224,6971.469032,11325.150913,-814.226536
1665.089541,3217.601092,6439.791695,-1850.514855
1665.089859,306.438199,-1036.288319,5477.523971
1665.090176,-1608.800546,-12657.521608,17616.901420
1665.090493,-4290.134789,-16802.674883,17172.777854
1665.090811,-2451.505594,-20577.725188,21539.992912
1665.091128,-5745.716235,-20355.663405,21317.931130
1665.091445,-5286.058936,-16506.592507,24352.775492
1665.091763,-4290.134789,-6809.894666,21169.889941
1665.092080,-1762.019645,3182.885551,12361.439231
1665.092397,2298.286494,9696.697840,4367.215058
1665.092715,459.657299,15988.448347,-4071.132681
1665.093032,3753.867940,19245.354492,-4293.194464
1665.093349,5975.544884,18801.230927,-3627.009116
1665.093667,6665.030833,14434.015869,296.082377
1665.093984,4979.620737,10288.862594,-2072.576638
1665.094301,919.314598,6957.935855,-2738.761985
1665.094619,689.485948,-7402.059420,16062.468941
1665.094936,-4213.525239,-15766.386565,16728.654289
1665.095253,-1915.238745,-21688.034101,20577.725188
1665.095571,-5056.230287,-22724.322419,23464.528361
1665.095888,-7890.783629,-19985.560434,25167.002028
1665.096205,-5056.230287,-12953.603985,26647.413912
1665.096522,-3447.429741,-814.226536,17764.942608
1665.096840,1378.971896,6365.771101,13915.871710
1665.097157,-1072.533697,16136.489536,-1554.432478
1665.097474,3753.867940,22206.178260,-6587.832884
1665.097792,7814.174080,24130.713709,-4663.297435
1665.098109,8044.002729,19097.313304,296.082377
1665.098426,8350.440928,15322.262999,-2886.803174
1665.098744,5286.058936,10436.903782,-6587.832884
1665.099061,2911.162892,1628.453072,0.000000
1665.099378,459.657299,-13619.789333,16802.674883
1665.099696,-842.705048,-23686.590144,21095.869347
1665.100013,-3524.039291,-27017.516883,21762.054695
1665.100330,-7431.126331,-27905.764013,25833.187376
1665.100648,-7354.516781,-20207.622217,30274.423028
1665.100965,-6971.469032,-9030.512492,25092.981434
1665.101282,-2068.457845,-0.000000,19911.539840
1665.101600,459.657299,11843.295072,6143.709319
1665.101917,1225.752797,21836.075289,-5995.668130
1665.102234,6971.469032,26055.249158,-7105.977043
1665.102552,8273.831378,23834.631332,-2368.659014
1665.102869,9806.022374,19689.478057,-3330.926739
1665.103186,9269.755526,15618.345376,-6439.791695
1665.103504,6435.202183,7624.121203,-6661.853478
1665.103821,1072.533697,-7846.182985,9622.677246
1665.104138,-536.266849,-23242.466579,20207.622217
1665.104456,-2374.896044,-28719.990550,23538.548956
1665.104773,-5362.668486,-28719.990550,25092.981434
1665.105090,-7890.783629,-25315.043216,27239.578666
1665.105407,-7814.174080,-16284.530724,28423.908173
1665.105725,-4749.792088,-6587.832884,27831.743419
1665.106042,-1225.752797,7698.141797,12583.501014
1665.106359,-306.438199,18727.210333,-5033.400406
1665.106677,4903.011187,24870.919651,-9104.533087
1665.106994,8656.879127,25833.187376,-2368.659014
1665.107311,9499.584175,20651.745782,-222.061783
1665.107629,9193.145976,18061.024985,-7031.956449
1665.107946,5439.278036,13027.624579,-11029.068536
1665.108263,3524.039291,-0.000000,-370.102971
1665.108581,459.657299,-15396.283594,19911.539840
1665.108898,-3753.867940,-21688.034101,17024.736666
1665.109215,-5822.325785,-28053.805202,18949.272115
1665.109533,-4596.572988,-25759.166782,30200.402434
1665.109850,-9882.631924,-20651.745782,24130.713709
1665.110167,-7967.393179,-12361.439231,26425.352129
1665.110485,-4443.353888,-3775.050304,24204.734303
1665.110802,-2374.896044,15988.448347,2072.576638
1665.111119,2221.676944,21317.931130,-6069.688724
1665.111437,7507.735880,25685.146187,-2664.741391
1665.111754,8427.050478,26573.393318,1776.494261
1665.112071,9039.926876,26055.249158,-8512.368333
1665.112389,9729.412825,21614.013506,-11843.295072
1665.112706,6511.811733,10214.842000,-5995.668130
1665.113023,-383.047749,-3404.947333,1036.288319
1665.113340,-766.095498,-17690.922014,17764.942608
1665.113658,-4290.134789,-27091.537477,21688.034101
1665.113975,-7814.174080,-28053.805202,22206.178260
1665.114292,-6894.859482,-30792.567187,30348.443622
1665.114610,-11491.432470,-22502.260637,30792.567187
1665.114927,-8044.002729,-13619.789333,29978.340651
1665.115244,-6665.030833,-0.000000,21614.013506
1665.115562,-3907.087040,16802.674883,1332.370696
1665.115879,4903.011187,24648.857869,-3256.906145
1665.116196,9882.631924,28201.846390,-1554.432478
1665.116514,11261.603821,25981.228564,2590.720797
1665.116831,12104.308868,27535.661042,-11103.089130
1665.117148,11338.213370,23316.487173,-18727.210333
1665.117466,11797.870669,5255.462188,-6217.729913
1665.117783,3064.381992,-8734.430116,5995.668130
1665.118100,1838.629195,-23908.651927,14063.912898
1665.118418,-4060.306139,-31384.731941,23390.507767
1665.118735,-4673.182538,-31236.690752,30792.567187
1665.119052,-10189.070123,-29386.175897,30570.505405
1665.119370,-9346.365076,-18949.272115,35529.885216
1665.119687,-7431.126331,-6513.812290,31902.876100
1665.120004,-5515.887586,8364.327145,11399.171507
1665.120322,-2757.943793,16358.551318,-3997.112087
1665.120639,9422.974625,24204.734303,1628.453072
1665.120956,11568.042020,31458.752535,-1776.494261
1665.121274,11721.261119,32346.999665,-6365.771101
1665.121591,13866.328514,25981.228564,-11621.233289
1665.121908,12947.013916,19763.498651,-20281.642811
1665.122225,7584.345430,444.123565,-3701.029710
1665.122543,995.924147,-20799.786970,24130.713709
1665.122860,-3677.258390,-27313.599260,15100.201217
1665.123177,-7814.174080,-28868.031738,12583.501014
1665.123495,-6588.421283,-29460.196492,34345.555709
1665.123812,-13176.842566,-23686.590144,35085.761651
1665.124129,-10265.679673,-15248.242405,31606.793723
1665.124447,-8580.269578,-4145.153275,25685.146187
1665.124764,-7584.345430,12509.480420,2442.679609
1665.125081,-153.219100,19837.519246,-2664.741391
1665.125399,7890.783629,25833.187376,-2294.638420
1665.125716,7584.345430,26425.352129,2812.782580
1665.126033,9652.803275,26499.372724,-6069.688724
1665.126351,8963.317327,25833.187376,-17690.922014
1665.126668,9039.926876,10881.027347,-15396.283594
1665.126985,3600.648841,-3182.885551,1110.308913
1665.127303,4979.620737,-18727.210333,17616.901420
1665.127620,-5439.278036,-26425.352129,13397.727550
1665.127937,-8120.612279,-28423.908173,21614.013506
1665.128255,-6971.469032,-32346.999665,33531.329173
1665.128572,-11568.042020,-21317.931130,32569.061448
1665.128889,-7507.735880,-12435.459826,31828.855506
1665.129207,-5669.106685,2294.638420,18801.230927
1665.129524,-4290.134789,14656.077652,-2442.679609
1665.129841,7354.516781,22428.240043,666.185348
1665.130158,13406.671215,28719.990550,3701.029710
1665.130476,9499.584175,33457.308578,-5255.462188
1665.130793,12257.527968,29016.072926,-11251.130318
1665.131110,12717.185267,23316.487173,-18505.148550
1665.131428,11338.213370,7105.977043,-11103.089130
1665.131745,4213.525239,-11843.295072,10658.965565
1665.132062,2221.676944,-25167.002028,17542.880825
1665.132380,-6205.373534,-29608.237680,15766.386565
1665.132697,-6894.859482,-29608.237680,27609.681637
1665.133014,-10878.556072,-30126.381839,36196.070564
1665.133332,-9422.974625,-17690.922014,35974.008781
1665.133649,-9116.536426,-5181.441594,29016.072926
1665.133966,-3753.867940,8956.491898,12509.480420
1665.134284,-2221.676944,22650.301825,-5699.585753
1665.134601,9806.022374,27831.743419,0.000000
1665.134918,10495.508323,27091.537477,4293.194464
1665.135236,11338.213370,28349.887579,-1258.350101
1665.135553,9499.584175,27239.578666,-19467.416275
1665.135870,9882.631924,14878.139434,-17987.004391
1665.136188,8503.660028,-2294.638420,-222.061783
1665.136505,5822.325785,-19541.436869,24278.754898
1665.136822,-1685.410096,-29090.093521,16358.551318
1665.137140,-5286.058936,-30348.443622,17320.819043
1665.137457,-3370.820191,-29386.175897,33605.349767
1665.137774,-11874.480219,-17616.901420,31606.793723
1665.138092,-7201.297681,-11621.233289,34197.514520
1665.138409,-4290.134789,1628.453072,26129.269753
1665.138726,-3600.648841,18579.169144,-3330.926739
1665.139043,2451.505594,20725.766376,-2886.803174
1665.139361,9806.022374,25981.228564,3108.864956
1665.139678,9729.412825,27757.722825,-1480.411884
1665.139995,9806.022374,25389.063811,-11325.150913
1665.140313,10112.460574,20503.704593,-15618.345376
1665.140630,7584.345430,7402.059420,-4293.194464
1665.140947,2068.457845,-10732.986159,14211.954086
1665.141265,612.876398,-23908.651927,17246.798449
1665.141582,-1991.848295,-28645.969955,20059.581028
1665.141899,-7431.126331,-26499.372724,25907.207970
1665.142217,-8427.050478,-25537.104999,29830.299463
1665.142534,-8886.707777,-15544.324782,30940.608376
1665.142851,-5439.278036,-6957.935855,30052.361245
1665.143169,-3830.477490,7179.997637,10658.965565
1665.143486,-1072.533697,17838.963202,-4663.297435
1665.143803,4213.525239,24278.754898,-4145.153275
1665.144121,7890.783629,28719.990550,4959.379811
1665.144438,8656.879127,23834.631332,-444.123565
1665.144755,6665.030833,26055.249158,-15396.283594
1665.145073,5822.325785,14878.139434,-19023.292709
1665.145390,5745.716235,296.082377,-518.144159
1665.145707,1685.410096,-17542.880825,19319.375086
1665.146025,-2987.772442,-26795.455100,11621.233289
1665.146342,-5822.325785,-35529.885216,19467.416275
1665.146659,-6588.421283,-33013.185013,30274.423028
1665.146976,-12487.356617,-20873.807564,28053.805202
1665.147294,-8733.488677,-12879.583391,31606.793723
1665.147611,-4596.572988,-3034.844362,26573.393318
1665.147928,-3370.820191,16728.654289,-1480.411884
1665.148246,612.876398,22576.281231,-4589.276840
1665.148563,7201.297681,26869.475695,2516.700203
1665.148880,8273.831378,27313.599260,2960.823768
1665.149198,8503.660028,28349.887579,-13323.706956
1665.149515,10342.289223,19985.560434,-18283.086767
1665.149832,10495.508323,7179.997637,-10955.047942
1665.150150,4136.915689,-5107.421000,1110.308913
1665.150467,4060.306139,-22058.137072,14804.118840
1665.150784,-842.705048,-32865.143825,20725.766376
1665.151102,-5439.278036,-31310.711347,21021.848753
1665.151419,-5209.449386,-29682.258274,31976.896694
1665.151736,-9576.193725,-17912.983796,32346.999665
1665.152054,-8120.612279,-8808.450710,30126.381839
1665.152371,-2068.457845,2590.720797,17764.942608
1665.152688,-459.657299,14730.098246,-8734.430116
1665.153006,9193.145976,27979.784608,-6735.874072
1665.153323,13406.671215,30274.423028,7624.121203
1665.153640,9959.241474,29312.155303,-2368.659014
1665.153958,13176.842566,25685.146187,-15100.201217
1665.154275,14555.814462,18949.272115,-10955.047942
1665.154592,6971.469032,2368.659014,-6735.874072
1665.154910,6205.373534,-14582.057057,9474.636058
1665.155227,1991.848295,-23612.569550,9474.636058
1665.155544,-2068.457845,-33383.287984,22724.322419
1665.155861,-4673.182538,-30718.546593,32124.937883
1665.156179,-11108.384721,-22428.240043,31310.711347
1665.156496,-7660.954980,-13767.830521,38490.708984
1665.156813,-9193.145976,-4145.153275,27683.702231
1665.157131,-4213.525239,10362.883188,2146.597232
1665.157448,-1072.533697,17098.757260,-5329.482782
1665.157765,5132.839837,25759.166782,1110.308913
1665.158083,7277.907231,26277.310941,9474.636058
1665.158400,7048.078582,30866.587781,-6883.915261
1665.158717,11797.870669,24648.857869,-17468.860231
1665.159035,4826.401637,9844.739029,-9400.615463
1665.159352,1302.362347,-2146.597232,2886.803174
1665.159669,-229.828649,-15026.180623,14211.954086
1665.159987,-3753.867940,-30940.608376,18209.066173
1665.160304,-6588.421283,-34419.576303,25537.104999
1665.160621,-9806.022374,-30866.587781,30274.423028
1665.160939,-10418.898773,-20281.642811,36714.214723
1665.161256,-10265.679673,-11399.171507,39378.956114
1665.161573,-4749.792088,740.205942,17616.901420
1665.161891,-5132.839837,13397.727550,-7031.956449
1665.162208,5515.887586,22132.157666,3701.029710
1665.162525,3600.648841,34123.493926,4663.297435
1665.162843,4826.401637,30126.381839,74.020594
1665.163160,7890.783629,25463.084405,-7920.203579
1665.163477,9806.022374,23168.445985,-18283.086767
1665.163794,6818.249932,10658.965565,-7328.038826
1665.164112,2757.943793,-8586.388927,10362.883188
1665.164429,536.266849,-28423.908173,10732.986159
1665.164746,76.609550,-33161.226202,21021.848753
1665.165064,-7124.688131,-34271.535115,30792.567187
1665.165381,-7431.126331,-27979.784608,37232.358883
1665.165698,-6818.249932,-10584.944971,34049.473332
1665.166016,-4519.963438,-2368.659014,28868.031738
1665.166333,-1072.533697,6883.915261,9548.656652
1665.166650,-536.266849,20355.663405,-10955.047942
1665.166968,9039.926876,27461.640448,-4885.359217
1665.167285,6205.373534,26129.269753,13101.645173
1665.167602,7967.393179,24648.857869,-5699.585753
1665.167919,10418.898773,26943.496289,-24574.837274
1665.168237,9729.412825,14878.139434,-11843.295072
1665.168554,5132.839837,-1480.411884,-2886.803174
1665.168871,5515.887586,-16654.633695,11177.109724
1665.169189,153.219100,-28497.928767,10288.862594
1665.169506,-4290.134789,-36048.029375,21836.075289
1665.169823,-3447.429741,-36270.091158,33457.308578
1665.170141,-10725.336972,-16506.592507,32421.020260
1665.170458,-10955.165621,-14359.995275,37602.461854
1665.170775,-6971.469032,-4885.359217,20429.683999
1665.171093,-2757.943793,13767.830521,-10140.821405
1665.171410,5515.887586,22132.157666,-444.123565
1665.171727,6741.640382,28868.031738,7476.080014
1665.172044,7431.126331,26055.249158,-518.144159
1665.172362,11797.870669,28497.928767,-15544.324782
1665.172679,11108.384721,20133.601622,-15100.201217
1665.172996,5669.106685,4071.132681,-8660.409521
1665.173314,3140.991542,-8660.409521,3997.112087
1665.173631,4213.525239,-21095.869347,9104.533087
1665.173948,-4903.011187,-31162.670158,17468.860231
1665.174266,-4213.525239,-32569.061448,26647.413912
1665.174583,-5056.230287,-27831.743419,33161.226202
1665.174900,-8656.879127,-17542.880825,35677.926404
1665.175218,-8963.317327,-9992.780217,36418.132346
1665.175535,-5822.325785,1406.391290,6143.709319
1665.175852,-2681.334243,12509.480420,-11177.109724
1665.176170,7967.393179,25241.022622,2368.659014
1665.176487,7737.564530,25907.207970,13397.727550
1665.176804,4519.963438,30644.525999,-12435.459826
1665.177121,12793.794817,25611.125593,-17320.819043
1665.177439,9193.145976,15174.221811,-11843.295072
1665.177756,0.000000,3404.947333,-7105.977043
1665.178073,3753.867940,-16136.489536,19467.416275
1665.178391,-4290.134789,-29016.072926,10214.842000
1665.178708,-6435.202183,-35381.844028,15692.365970
1665.179025,-5745.716235,-37158.338288,32717.102636
1665.179343,-8963.317327,-25685.146187,38860.811955
1665.179660,-11261.603821,-14137.933492,35455.864622
1665.179977,-5515.887586,-1036.288319,24352.775492
1665.180295,-5056.230287,14952.160028,-6587.832884
1665.180612,3983.696590,21391.951724,4663.297435
1665.180929,3907.087040,29460.196492,5551.544565
1665.181246,5056.230287,28645.969955,2960.823768
1665.181564,8810.098227,28275.866984,-13397.727550
1665.181881,11491.432470,25907.207970,-19393.395680
1665.182198,5515.887586,9178.553681,-12139.377449
1665.182516,3370.820191,-4367.215058,6957.935855
1665.182833,1072.533697,-27535.661042,16284.530724
1665.183150,-3217.601092,-32643.082042,20207.622217
1665.183468,-8350.440928,-33975.452738,24130.713709
1665.183785,-7201.297681,-32717.102636,37528.441259
1665.184102,-6894.859482,-17838.963202,41599.573940
1665.184420,-6281.983084,-1702.473667,35751.946999
1665.184737,-2834.553343,7698.141797,4071.132681
1665.185054,-2145.067394,22502.260637,-17024.736666
1665.185371,9499.584175,30126.381839,3552.988522
1665.185689,7890.783629,29238.134709,15322.262999
1665.186006,5745.716235,29090.093521,-6957.935855
1665.186323,11414.822920,23612.569550,-20355.663405
1665.186641,8350.440928,14656.077652,-12583.501014
1665.186958,5209.449386,2146.597232,1036.288319
1665.187275,5362.668486,-16580.613101,16802.674883
1665.187593,-306.438199,-30496.484810,14359.995275
1665.187910,-3753.867940,-32421.020260,18505.148550
1665.188227,-5362.668486,-30866.587781,29904.320057
1665.188545,-6971.469032,-22650.301825,37972.564825
1665.188862,-11644.651570,-9844.739029,36418.132346
1665.189179,-4366.744339,-3552.988522,25167.002028
1665.189496,-4826.401637,15026.180623,-10214.842000
1665.189814,4903.011187,21762.054695,1850.514855
1665.190131,6511.811733,28275.866984,9918.759623
1665.190448,5209.449386,29608.237680,-1480.411884
1665.190766,12487.356617,26277.310941,-12361.439231
1665.191083,10572.117872,22502.260637,-17320.819043
1665.191400,6665.030833,5995.668130,-4959.379811
1665.191718,1991.848295,-6291.750507,-2812.782580
1665.192035,3370.820191,-23686.590144,10288.862594
1665.192352,-1685.410096,-31458.752535,22132.157666
1665.192670,-8197.221829,-32050.917289,21614.013506
1665.192987,-5822.325785,-31976.896694,32865.143825
1665.193304,-8427.050478,-18949.272115,41081.429781
1665.193621,-9422.974625,-9918.759623,39452.976709
1665.193939,-8503.660028,3256.906145,5551.544565
1665.194256,-4749.792088,15174.221811,-14211.954086
1665.194573,6205.373534,24574.837274,2146.597232
1665.194891,6741.640382,28053.805202,16950.716072
1665.195208,7048.078582,31014.628970,-11843.295072
1665.195525,13866.328514,25241.022622,-21243.910535
1665.195843,8733.488677,14211.954086,-8734.430116
1665.196160,3830.477490,5033.400406,-6883.915261
1665.196477,1072.533697,-12361.439231,2072.576638
1665.196795,995.924147,-28868.031738,14359.995275
1665.197112,-6894.859482,-34937.720462,19171.333898
1665.197429,-5745.716235,-30274.423028,28127.825796
1665.197747,-6358.592633,-28053.805202,32198.958477
1665.198064,-12180.918418,-19837.519246,38786.791361
1665.198381,-5286.058936,-7550.100608,28127.825796
1665.198698,-5669.106685,11325.150913,-9400.615463
1665.199016,4290.134789,16210.510130,3256.906145
1665.199333,4903.011187,32198.958477,4663.297435
1665.199650,9269.755526,34493.596897,4145.153275
1665.199968,12947.013916,31236.690752,-14582.057057
1665.200285,16011.395908,24870.919651,-18727.210333
1665.200602,10725.336972,12953.603985,-9030.512492
1665.200920,4979.620737,-1628.453072,-9104.533087
1665.201237,5439.278036,-19541.436869,13915.871710
1665.201554,-1762.019645,-30570.505405,16654.633695
1665.201872,-6894.859482,-32198.958477,17616.901420
1665.202189,-3447.429741,-32198.958477,37602.461854
1665.202506,-8503.660028,-18579.169144,40711.326810
1665.202823,-10801.946522,-12361.439231,44560.397708
1665.203141,-7048.078582,962.267725,14582.057057
1665.203458,-7431.126331,13249.686362,-11399.171507
1665.203775,4903.011187,25759.166782,5847.626942
1665.204093,3064.381992,31606.793723,9474.636058
1665.204410,6205.373534,33309.267390,-3404.947333
1665.204727,12793.794817,28349.887579,-10510.924376
1665.205045,10265.679673,21984.116477,-15026.180623
1665.205362,5286.058936,9030.512492,-7994.224174
1665.205679,4136.915689,-12583.501014,15100.201217
1665.205997,-2834.553343,-30570.505405,13101.645173
1665.206314,-5975.544884,-32865.143825,15322.262999
1665.206631,-5362.668486,-33309.267390,30274.423028
1665.206948,-9882.631924,-29016.072926,37084.317694
1665.207266,-8810.098227,-17172.777854,43302.047607
1665.207583,-6588.421283,-2368.659014,30348.443622
1665.207900,-5362.668486,10066.800811,370.102971
1665.208218,2221.676944,21317.931130,-370.102971
1665.208535,4290.134789,31236.690752,1924.535449
1665.208852,6281.983084,30792.567187,8956.491898
1665.209170,9039.926876,27979.784608,-8808.450710
1665.209487,14019.547613,26499.372724,-19837.519246
1665.209804,8810.098227,13323.706956,-15692.365970
1665.210122,4749.792088,888.247130,-7179.997637
1665.210439,6205.373534,-15692.365970,15100.201217
1665.210756,306.438199,-28423.908173,13915.871710
1665.211073,-7890.783629,-33679.370361,17912.983796
1665.211391,-5439.278036,-38786.791361,36122.049970
1665.211708,-7814.174080,-23686.590144,38194.626607
1665.212025,-13559.890315,-14211.954086,36566.173535
1665.212343,-5822.325785,-4441.235652,26869.475695
1665.212660,-6894.859482,17246.798449,-13471.748144
1665.212977,6818.249932,26425.352129,296.082377
1665.213295,2528.115143,33013.185013,14804.118840
1665.213612,6281.983084,26573.393318,962.267725
1665.213929,15551.738609,29016.072926,-14804.118840
1665.214247,9806.022374,22354.219448,-21984.116477
1665.214564,4596.572988,4293.194464,-3849.070898
1665.214881,8427.050478,-2442.679609,-5329.482782
1665.215199,1608.800546,-15914.427753,3701.029710
1665.215516,-3140.991542,-31902.876100,26573.393318
1665.215833,-8044.002729,-35307.823433,20429.683999
1665.216150,-2145.067394,-33975.452738,34271.535115
1665.216468,-8810.098227,-18579.169144,40859.367998
1665.216785,-9806.022374,-17098.757260,45596.686027
1665.217102,-6205.373534,-2960.823768,11843.295072
1665.217420,-2374.896044,17394.839637,-14211.954086
1665.217737,6894.859482,29164.114115,-2516.700203
1665.218054,6205.373534,34271.535115,15618.345376
1665.218372,11261.603821,29756.278868,-5995.668130
1665.218689,17007.320056,29016.072926,-24056.693115
1665.219006,14249.376263,18727.210333,-10140.821405
1665.219324,3447.429741,3108.864956,-8142.265362
1665.219641,5975.544884,-15174.221811,-1480.411884
1665.219958,2221.676944,-26573.393318,9252.574275
1665.220275,-7354.516781,-34345.555709,23834.631332
1665.220593,-4290.134789,-31606.793723,30644.525999
1665.220910,-7277.907231,-20873.807564,31458.752535
1665.221227,-9116.536426,-17764.942608,43968.232955
1665.221545,-9576.193725,-5625.565159,35233.802839
1665.221862,-8197.221829,9400.615463,-2072.576638
1665.222179,-306.438199,17542.880825,666.185348
1665.222497,2987.772442,27905.764013,6439.791695
1665.222814,7431.126331,30274.423028,9474.636058
1665.223131,11338.213370,31310.711347,-15100.201217
1665.223449,16777.491406,26795.455100,-20799.786970
1665.223766,10112.460574,10807.006753,-10362.883188
1665.224083,4673.182538,-1406.391290,-9474.636058
1665.224400,3677.258390,-14582.057057,10140.821405
1665.224718,-2987.772442,-31976.896694,15026.180623
1665.225035,-9193.145976,-33753.390955,15766.386565
1665.225352,-5975.544884,-35011.741057,37158.338288
1665.225670,-7507.735880,-24204.734303,42339.779882
1665.225987,-11261.603821,-15618.345376,44708.438897
1665.226304,-7201.297681,-1036.288319,18283.086767
1665.226622,-5209.449386,16950.716072,-9548.656652
1665.226939,8963.317327,29016.072926,6587.832884
1665.227256,1225.752797,36788.235317,6217.729913
1665.227574,7048.078582,31384.731941,-2442.679609
1665.227891,14479.204912,29682.258274,-11769.274478
1665.228208,14325.985813,23612.569550,-17912.983796
1665.228525,7354.516781,7624.121203,-8586.388927
1665.228843,4903.011187,-6587.832884,-3034.844362
1665.229160,4673.182538,-21836.075289,11843.295072
1665.229477,-4136.915689,-30644.525999,23316.487173
1665.229795,-9806.022374,-34419.576303,25463.084405
1665.230112,-3907.087040,-33013.185013,40267.203245
1665.230429,-8427.050478,-16136.489536,42191.738694
1665.230747,-8044.002729,-9918.759623,40267.203245
1665.231064,-5822.325785,1924.535449,10362.883188
1665.231381,-1762.019645,19393.395680,-6587.832884
1665.231699,7584.345430,34641.638086,-4145.153275
1665.232016,7048.078582,35233.802839,14730.098246
1665.232333,11491.432470,26351.331535,-4885.359217
1665.232651,16700.881856,28497.928767,-25167.002028
1665.232968,10955.165621,15396.283594,-16136.489536
1665.233285,3753.867940,148.041188,-7550.100608
1665.233602,4290.134789,-16432.571912,6957.935855
1665.233920,1302.362347,-27535.661042,7624.121203
1665.234237,-8044.002729,-35233.802839,20725.766376
1665.234554,-5745.716235,-33161.226202,34641.638086
1665.234872,-7201.297681,-20577.725188,35974.008781
1665.235189,-10878.556072,-18505.148550,46114.830187
1665.235506,-8273.831378,-8882.471304,33161.226202
1665.235824,-10495.508323,14804.118840,-13915.871710
1665.236141,3600.648841,23390.507767,370.102971
1665.236458,1532.190996,29756.278868,15988.448347
1665.236776,7201.297681,30792.567187,0.000000
1665.237093,14249.376263,33235.246796,-22576.281231
1665.237410,13023.623466,23834.631332,-20429.683999
1665.237727,8656.879127,3627.009116,-3701.029710
1665.238045,5209.449386,-1554.432478,-12361.439231
1665.238362,459.657299,-16654.633695,6587.832884
1665.238679,-1225.752797,-32569.061448,26425.352129
1665.238997,-10265.679673,-32346.999665,13693.809927
1665.239314,-4673.182538,-31828.855506,35159.782245
1665.239631,-9806.022374,-20873.807564,47151.118505
1665.239949,-11108.384721,-22872.363608,48187.406824
1665.240266,-8733.488677,-4293.194464,11917.315666
1665.240583,-6741.640382,13101.645173,-11029.068536
1665.240901,5056.230287,26943.496289,4959.379811
1665.241218,4826.401637,33161.226202,15322.262999
1665.241535,8503.660028,33235.246796,-11473.192101
1665.241852,16394.443657,30496.484810,-19541.436869
1665.242170,15015.471761,19393.395680,-11991.336260
1665.242487,7584.345430,6735.874072,-14582.057057
1665.242804,3524.039291,-9326.594869,-16358.551318
1665.243122,4290.134789,-30644.525999,19319.375086
1665.243439,-6358.592633,-36122.049970,24056.693115
1665.243756,-7660.954980,-33161.226202,22946.384202
1665.244074,-4136.915689,-30496.484810,39452.976709
1665.244391,-11184.994271,-18431.127956,47743.283259
1665.244708,-8656.879127,-10288.862594,38194.626607
1665.245026,-6358.592633,7772.162391,-1998.556043
1665.245343,-1991.848295,19911.539840,-4589.276840
1665.245660,3907.087040,31458.752535,6513.812290
1665.245977,6435.202183,33235.246796,10510.924376
1665.246295,11338.213370,29978.340651,-12879.583391
1665.246612,19458.825649,29016.072926,-23834.631332
1665.246929,13253.452115,15544.324782,-11103.089130
1665.247247,7584.345430,962.267725,-13323.706956
1665.247564,3983.696590,-17616.901420,8956.491898
1665.247881,1302.362347,-29608.237680,12657.521608
1665.248199,-8733.488677,-31976.896694,16062.468941
1665.248516,-4290.134789,-34493.596897,41081.429781
1665.248833,-6741.640382,-24500.816680,41007.409187
1665.249151,-11108.384721,-20133.601622,42857.924042
1665.249468,-8580.269578,-2664.741391,24204.734303
1665.249785,-9422.974625,14211.954086,-12287.418637
1665.250102,5822.325785,24500.816680,8364.327145
1665.250420,689.485948,35159.782245,8882.471304
1665.250737,7354.516781,35011.741057,-1628.453072
1665.251054,10878.556072,28942.052332,-14508.036463
1665.251372,11568.042020,21391.951724,-16580.613101
1665.251689,5439.278036,4959.379811,-5107.421000
1665.252006,2221.676944,-11325.150913,6661.853478
1665.252324,-2451.505594,-29978.340651,10732.986159
1665.252641,-3294.210641,-34123.493926,24056.693115
1665.252958,-7584.345430,-29756.278868,23760.610738
1665.253276,-5669.106685,-24574.837274,37084.317694
1665.253593,-5669.106685,-19837.519246,47151.118505
1665.253910,-5745.716235,-4959.379811,35529.885216
1665.254228,-4443.353888,7179.997637,4811.338623
1665.254545,153.219100,23686.590144,-8142.265362
1665.254862,6818.249932,30422.464216,0.000000
1665.255179,7507.735880,29016.072926,12213.398043
1665.255497,8197.221829,27461.640448,-12805.562797
1665.255814,13942.938064,26055.249158,-23094.425390
1665.256131,12180.918418,11769.274478,-10807.006753
1665.256449,3677.258390,-74.020594,-11917.315666
1665.256766,2834.553343,-18949.272115,10436.903782
1665.257083,-1455.581446,-25907.207970,11843.295072
1665.257401,-8810.098227,-32272.979071,17246.798449
1665.257718,-4519.963438,-34493.596897,33679.370361
1665.258035,-8963.317327,-20281.642811,36492.152941
1665.258353,-9729.412825,-21614.013506,41747.615129
1665.258670,-9729.412825,-9178.553681,28423.908173
1665.258987,-8733.488677,13693.809927,-11769.274478
1665.259304,3217.601092,23094.425390,1702.473667
1665.259622,3370.820191,32643.082042,14878.139434
1665.259939,6128.763984,31532.773129,-2590.720797
1665.260256,14019.547613,32495.040854,-18653.189738
1665.260574,9729.412825,21836.075289,-22502.260637
1665.260891,9499.584175,7772.162391,-5699.585753
1665.261208,11338.213370,-1480.411884,-10362.883188
1665.261526,-2374.896044,-14804.118840,-8512.368333
1665.261843,306.438199,-34863.699868,30274.423028
1665.262160,-10572.117872,-31828.855506,23094.425390
1665.262477,-3907.087040,-34863.699868,35899.988187
1665.262795,-8733.488677,-25315.043216,41895.656317
1665.263112,-10112.460574,-19467.416275,48335.448013
1665.263429,-7354.516781,-0.000000,13027.624579
1665.263747,-4366.744339,15544.324782,-11843.295072
1665.264064,6511.811733,28719.990550,2368.659014
1665.264381,5898.935335,35381.844028,14508.036463
1665.264698,11721.261119,36196.070564,-8216.285956
1665.265016,14938.862211,31680.814318,-23686.590144
1665.265333,16547.662757,17246.798449,-10584.944971
1665.265650,7584.345430,6735.874072,-11621.233289
1665.265968,4290.134789,-15396.283594,-11251.130318
1665.266285,5822.325785,-32124.937883,19393.395680
1665.266602,-8810.098227,-31976.896694,21391.951724
1665.266919,-6052.154434,-29164.114115,27387.619854
1665.267237,-5592.497135,-24870.919651,39971.120868
1665.267554,-10265.679673,-19985.560434,46262.871375
1665.267871,-7737.564530,-9400.615463,35381.844028
1665.268189,-8120.612279,6661.853478,-6587.832884
1665.268506,-3140.991542,14063.912898,2664.741391
1665.268823,2374.896044,29682.258274,5033.400406
1665.269140,6052.154434,35974.008781,7328.038826
1665.269458,11951.089769,33975.452738,-9474.636058
1665.269775,15858.176809,29608.237680,-17246.798449
1665.270092,10418.898773,12657.521608,-16580.613101
1665.270410,4903.011187,-5403.503377,-8882.471304
1665.270727,2145.067394,-21169.889941,18801.230927
1665.271044,-4903.011187,-34789.679274,16506.592507
1665.271361,-7124.688131,-35159.782245,15396.283594
1665.271679,-6511.811733,-31458.752535,36788.235317
1665.271996,-7967.393179,-21243.910535,44560.397708
1665.272313,-8733.488677,-13175.665768,43672.150578
1665.272631,-5745.716235,2516.700203,16654.633695
1665.272948,-5592.497135,19319.375086,-8438.347739
1665.273265,7660.954980,36492.152941,1924.535449
1665.273582,1991.848295,35085.761651,10955.047942
1665.273900,6818.249932,28423.908173,-1850.514855
1665.274217,11951.089769,26573.393318,-14804.118840
1665.274534,10035.851024,18505.148550,-21391.951724
1665.274852,6511.811733,7920.203579,-4071.132681
1665.275169,3753.867940,-7105.977043,-3330.926739
1665.275486,2834.553343,-21614.013506,10510.924376
1665.275803,-4443.353888,-30274.423028,25167.002028
1665.276121,-10725.336972,-32050.917289,25315.043216
1665.276438,-6052.154434,-31236.690752,39452.976709
1665.276755,-10955.165621,-18875.251521,43598.129984
1665.277073,-8810.098227,-15174.221811,36048.029375
1665.277390,-5745.716235,2368.659014,5699.585753
1665.277707,-383.047749,22354.219448,-4219.173869
1665.278024,7354.516781,36344.111752,-3923.091493
1665.278342,7277.907231,37528.441259,12287.418637
1665.278659,13253.452115,27831.743419,-5403.503377
1665.278976,15245.300410,31162.670158,-29460.196492
1665.279294,8427.050478,15470.304188,-17394.839637
1665.279611,6588.421283,-4589.276840,-4811.338623
1665.279928,919.314598,-15544.324782,-6513.812290
1665.280245,2528.115143,-29460.196492,18283.086767
1665.280563,-9499.584175,-38046.585419,26943.496289
1665.280880,-7124.688131,-34271.535115,36048.029375
1665.281197,-5669.106685,-22280.198854,38564.729578
1665.281515,-11184.994271,-14434.015869,45966.788998
1665.281832,-8580.269578,-9030.512492,29386.175897
1665.282149,-8503.660028,10140.821405,-11843.295072
1665.282466,536.266849,26721.434506,-2812.782580
1665.282784,383.047749,32421.020260,18061.024985
1665.283101,7890.783629,35529.885216,1554.432478
1665.283418,16624.272307,32717.102636,-21614.013506
1665.283736,12793.794817,23094.425390,-24056.693115
1665.284053,10035.851024,6217.729913,-5255.462188
1665.284370,6665.030833,-6439.791695,-10436.903782
1665.284687,3217.601092,-23760.610738,6957.935855
1665.285005,-4136.915689,-35529.885216,27609.681637
1665.285322,-9499.584175,-31532.773129,18727.210333
1665.285639,-1455.581446,-26425.352129,36714.214723
1665.285957,-10955.165621,-17246.798449,39156.894332
1665.286274,-7967.393179,-21243.910535,47225.139100
1665.286591,-7354.516781,-888.247130,6069.688724
1665.286909,-5439.278036,11843.295072,-7254.018232
1665.287226,4596.572988,25833.187376,3256.906145
1665.287543,5056.230287,36788.235317,9474.636058
1665.287860,13176.842566,34493.596897,-9326.594869
1665.288178,16777.491406,31162.670158,-23908.651927
1665.288495,16164.615008,15470.304188,-9474.636058
1665.288812,5209.449386,2738.761985,-16284.530724
1665.289130,1915.238745,-16802.674883,-666.185348
1665.289447,1915.238745,-32198.958477,14285.974681
1665.289764,-9576.193725,-33975.452738,18949.272115
1665.290081,-7354.516781,-34493.596897,34123.493926
1665.290399,-7431.126331,-21465.972318,40267.203245
1665.290716,-10955.165621,-17912.983796,50037.921679
1665.291033,-7814.174080,-2590.720797,26721.434506
1665.291351,-6511.811733,16062.468941,-4441.235652
1665.291668,2681.334243,22724.322419,3182.885551
1665.291985,1302.362347,32272.979071,11177.109724
1665.292302,6052.154434,35085.761651,222.061783
1665.292620,12563.966167,31532.773129,-16580.613101
1665.292937,12870.404366,26721.434506,-21317.931130
1665.293254,9652.803275,8068.244768,-6513.812290
1665.293572,3140.991542,-6735.874072,-2886.803174
1665.293889,1608.800546,-22132.157666,11843.295072
1665.294206,-2911.162892,-34049.473332,21614.013506
1665.294523,-10648.727422,-34789.679274,17468.860231
1665.294841,-6588.421283,-32569.061448,39526.997303
1665.295158,-6971.469032,-22280.198854,47077.097911
1665.295475,-9422.974625,-14434.015869,44264.315332
1665.295793,-8656.879127,3923.091493,5107.421000
1665.296110,-3140.991542,21095.869347,-8660.409521
1665.296427,10418.898773,37010.297100,4515.256246
1665.296744,7967.393179,37454.420665,11991.336260
1665.297062,9269.755526,32124.937883,-8512.368333
1665.297379,14785.643111,28423.908173,-24204.734303
1665.297696,13176.842566,16136.489536,-17690.922014
1665.298014,7737.564530,3923.091493,-8216.285956
1665.298331,1762.019645,-15470.304188,2738.761985
1665.298648,2451.505594,-30792.567187,14656.077652
1665.298965,-5975.544884,-31902.876100,22058.137072
1665.299283,-7124.688131,-26573.393318,32865.143825
1665.299600,-5822.325785,-23982.672521,40933.388593
1665.299917,-8580.269578,-17098.757260,44338.335926
1665.300235,-7048.078582,-8882.471304,30866.587781
1665.300552,-9652.803275,8956.491898,-11695.253884
1665.300869,3524.039291,21836.075289,-1998.556043
1665.301186,3524.039291,34863.699868,12657.521608
1665.301504,6435.202183,36714.214723,-3108.864956
1665.301821,13483.280765,29830.299463,-16284.530724
1665.302138,10495.508323,23686.590144,-21317.931130
1665.302456,7354.516781,5477.523971,-6883.915261
1665.302773,3983.696590,-6587.832884,-9918.759623
1665.303090,2298.286494,-23982.672521,10066.800811
1665.303407,-2834.553343,-36048.029375,27091.537477
1665.303725,-9806.022374,-36196.070564,18209.066173
1665.304042,-3140.991542,-26129.269753,37824.523636
1665.304359,-10648.727422,-15988.448347,46781.015534
1665.304677,-7660.954980,-17394.839637,47447.200882
1665.304994,-7277.907231,-1924.535449,5551.544565
1665.305311,-5362.668486,13471.748144,-7254.018232
1665.305628,6588.421283,30126.381839,5477.523971
1665.305946,4903.011187,34567.617491,14582.057057
1665.306263,9729.412825,31532.773129,-12361.439231
1665.306580,17313.758255,28942.052332,-22280.198854
1665.306898,13636.499864,15914.427753,-9844.739029
1665.307215,6588.421283,1258.350101,-17690.922014
1665.307532,689.485948,-18209.066173,-5107.421000
1665.307849,2681.334243,-31236.690752,15544.324782
1665.308167,-7201.297681,-36492.152941,17172.777854
1665.308484,-4673.182538,-32569.061448,28868.031738
1665.308801,-5515.887586,-20873.807564,38194.626607
1665.309119,-9652.803275,-17616.901420,46484.933158
1665.309436,-8580.269578,-4663.297435,25611.125593
1665.309753,-6205.373534,10362.883188,-7550.100608
1665.310070,3524.039291,24796.899057,4737.318029
1665.310388,4213.525239,33605.349767,12509.480420
1665.310705,5362.668486,33679.370361,-2294.638420
1665.311022,14862.252661,29386.175897,-14582.057057
1665.311340,13559.890315,25759.166782,-23094.425390
1665.311657,9806.022374,9178.553681,-12953.603985
1665.311974,5286.058936,-6587.832884,-6735.874072
1665.312291,2374.896044,-21169.889941,11769.274478
1665.312609,-4443.353888,-34197.514520,21169.889941
1665.312926,-9806.022374,-31976.896694,18653.189738
1665.313243,-1991.848295,-27979.784608,40711.326810
1665.313561,-9882.631924,-16358.551318,44412.356520
1665.313878,-10035.851024,-17616.901420,44634.418303
1665.314195,-8350.440928,-2220.617826,7254.018232
1665.314512,-6128.763984,13323.706956,-5773.606348
1665.314830,7277.907231,28349.887579,4293.194464
1665.315147,4903.011187,37158.338288,9918.759623
1665.315464,7431.126331,32272.979071,-10955.047942
1665.315782,15398.519510,31088.649564,-18949.272115
1665.316099,13559.890315,20133.601622,-15322.262999
1665.316416,5822.325785,666.185348,-9178.553681
1665.316733,76.609550,-23686.590144,15618.345376
1665.317051,-3370.820191,-35603.905810,9770.718434
1665.317368,-4673.182538,-34715.658680,17764.942608
1665.317685,-5669.106685,-33679.370361,33309.267390
1665.318003,-7507.735880,-22798.343014,41377.512158
1665.318320,-5822.325785,-15544.324782,45966.788998
1665.318637,-6665.030833,-1924.535449,23094.425390
1665.318954,-6281.983084,15544.324782,-5477.523971
1665.319272,6435.202183,29016.072926,7920.203579
1665.319589,3217.601092,34863.699868,3034.844362
1665.319906,6665.030833,31680.814318,5625.565159
1665.320224,9806.022374,23982.672521,-8660.409521
1665.320541,11338.213370,23390.507767,-25167.002028
1665.320858,9959.241474,3627.009116,-10288.862594
1665.321175,2987.772442,-6143.709319,666.185348
1665.321493,4903.011187,-23686.590144,15914.427753
1665.321810,-3217.601092,-32421.020260,18949.272115
1665.322127,-8886.707777,-34567.617491,21169.889941
1665.322445,-1455.581446,-30274.423028,41155.450375
1665.322762,-8886.707777,-12879.583391,39156.894332
1665.323079,-6128.763984,-12731.542202,37306.379477
1665.323396,-5745.716235,-1628.453072,11769.274478
1665.323714,-1685.410096,21465.972318,-4885.359217
1665.324031,7507.735880,37158.338288,-2516.700203
1665.324348,8273.831378,31458.752535,16950.716072
1665.324666,8197.221829,28794.011144,-4441.235652
1665.324983,17926.634653,28423.908173,-25092.981434
1665.325300,8120.612279,15100.201217,-18357.107362
1665.325617,7201.297681,-0.000000,-6143.709319
1665.325935,1608.800546,-12657.521608,-10732.986159
1665.326252,2757.943793,-24500.816680,14434.015869
1665.326569,-9269.755526,-36344.111752,23908.651927
1665.326887,-6588.421283,-33605.349767,32717.102636
1665.327204,-4519.963438,-22724.322419,35677.926404
1665.327521,-13789.718964,-16580.613101,42635.862259
1665.327838,-10801.946522,-18135.045579,34345.555709
1665.328156,-9116.536426,6735.874072,-7550.100608
1665.328473,0.000000,22280.198854,-4145.153275
1665.328790,1915.238745,35677.926404,8068.244768
1665.329108,7890.783629,34271.535115,7179.997637
1665.329425,11338.213370,29830.299463,-16580.613101
1665.329742,11797.870669,23242.466579,-22798.343014
1665.330059,7967.393179,5181.441594,-7550.100608
1665.330377,4596.572988,-4737.318029,-4441.235652
1665.330694,3217.601092,-21836.075289,6439.791695
1665.331011,-3753.867940,-35233.802839,18431.127956
1665.331329,-6281.983084,-36196.070564,23834.631332
1665.331646,-459.657299,-26573.393318,37380.400071
1665.331963,-9959.241474,-14285.974681,39452.976709
1665.332280,-6511.811733,-20799.786970,45818.747810
1665.332598,-7277.907231,-1554.432478,10510.924376
1665.332915,-3753.867940,12657.521608,-2738.761985
1665.333232,6128.763984,26499.372724,1628.453072
1665.333550,5822.325785,35677.926404,13027.624579
1665.333867,8503.660028,33383.287984,-8882.471304
1665.334184,19382.216099,29238.134709,-17172.777854
1665.334502,16854.100956,21688.034101,-13619.789333
1665.334819,8044.002729,3034.844362,-16654.633695
1665.335136,2681.334243,-17838.963202,2442.679609
1665.335453,1455.581446,-30570.505405,12509.480420
1665.335771,-5745.716235,-33901.432144,18875.251521
1665.336088,-6588.421283,-32939.164419,29904.320057
1665.336405,-5898.935335,-24500.816680,41821.635723
1665.336723,-8197.221829,-16358.551318,42709.882853
1665.337040,-8656.879127,-2886.803174,24796.899057
1665.337357,-8963.317327,7105.977043,-1776.494261
1665.337674,3524.039291,18505.148550,6587.832884
1665.337992,2681.334243,35751.946999,1554.432478
1665.338309,6052.154434,34271.535115,6735.874072
1665.338626,9039.926876,29682.258274,-10288.862594
1665.338944,15934.786358,26203.290347,-23020.404796
1665.339261,7354.516781,9548.656652,-11695.253884
1665.339578,3370.820191,-6439.791695,-3627.009116
1665.339895,2374.896044,-20281.642811,17838.963202
1665.340213,-5362.668486,-29904.320057,14211.954086
1665.340530,-8733.488677,-33975.452738,18209.066173
1665.340847,-6281.983084,-35233.802839,40711.326810
1665.341165,-8580.269578,-20503.704593,41969.676911
1665.341482,-9499.584175,-13249.686362,41229.470969
1665.341799,-7277.907231,-2368.659014,16432.571912
1665.342116,-4519.963438,21614.013506,-11621.233289
1665.342434,8197.221829,34863.699868,0.000000
1665.342751,5286.058936,33605.349767,18505.148550
1665.343068,6588.421283,29904.320057,-6069.688724
1665.343386,13253.452115,29608.237680,-20503.704593
1665.343703,6588.421283,16580.613101,-18949.272115
1665.344020,6971.469032,-0.000000,-3849.070898
1665.344337,4366.744339,-10140.821405,3256.906145
1665.344655,153.219100,-25759.166782,7476.080014
1665.344972,-3370.820191,-35529.885216,28719.990550
1665.345289,-9116.536426,-30940.608376,28497.928767
1665.345607,-2911.162892,-26351.331535,39526.997303
1665.345924,-11261.603821,-15692.365970,42635.862259
1665.346241,-7584.345430,-7105.977043,33605.349767
1665.346558,-9806.022374,10140.821405,-4293.194464
1665.346876,2604.724693,21465.972318,-1036.288319
1665.347193,2911.162892,33161.226202,3701.029710
1665.347510,6128.763984,33605.349767,9622.677246
1665.347828,10418.898773,27979.784608,-9326.594869
1665.348145,13330.061665,26277.310941,-25907.207970
1665.348462,8350.440928,4737.318029,-12583.501014
1665.348779,3677.258390,-6513.812290,-3108.864956
1665.349097,1991.848295,-22872.363608,9252.574275
1665.349414,-4673.182538,-31680.814318,15248.242405
1665.349731,-8427.050478,-36788.235317,21688.034101
1665.350049,-4443.353888,-33753.390955,35307.823433
1665.350366,-8656.879127,-13767.830521,38786.791361
1665.350683,-9576.193725,-15100.201217,47299.159694
1665.351000,-7431.126331,-666.185348,14434.015869
1665.351318,-5822.325785,16654.633695,-11621.233289
1665.351635,5745.716235,30200.402434,2516.700203
1665.351952,7890.783629,33827.411549,20577.725188
1665.352270,8580.269578,35085.761651,-9992.780217
1665.352587,17237.148705,31902.876100,-23020.404796
1665.352904,14862.252661,14582.057057,-10214.842000
1665.353221,9576.193725,1924.535449,-9548.656652
1665.353539,2298.286494,-7105.977043,-20207.622217
1665.353856,5898.935335,-28942.052332,29756.278868
1665.354173,-7507.735880,-32346.999665,23094.425390
1665.354491,-7507.735880,-33457.308578,20725.766376
1665.354808,-3064.381992,-26351.331535,40563.285622
1665.355125,-12257.527968,-14804.118840,41821.635723
1665.355442,-8503.660028,-15026.180623,32421.020260
1665.355760,-7277.907231,3182.885551,-148.041188
1665.356077,-3600.648841,11695.253884,5255.462188
1665.356394,3830.477490,34123.493926,7846.182985
1665.356712,6435.202183,42043.697506,2220.617826
1665.357029,15321.909960,33753.390955,-6957.935855
1665.357346,15934.786358,27461.640448,-21317.931130
1665.357663,10342.289223,15692.365970,-16654.633695
1665.357981,4596.572988,-5995.668130,-14582.057057
1665.358298,2451.505594,-20799.786970,15618.345376
1665.358615,-995.924147,-31902.876100,12213.398043
1665.358933,-7967.393179,-35751.946999,19689.478057
1665.359250,-4673.182538,-33901.432144,39452.976709
1665.359567,-8886.707777,-21095.869347,38342.667796
1665.359884,-9346.365076,-14730.098246,45596.686027
1665.360202,-5669.106685,-0.000000,19319.375086
1665.360519,-7277.907231,16284.530724,-9326.594869
1665.360836,6052.154434,28497.928767,2960.823768
1665.361154,4290.134789,36862.255912,11621.233289
1665.361471,6511.811733,36122.049970,-2960.823768
1665.361788,11874.480219,30718.546593,-14656.077652
1665.362105,14479.204912,20207.622217,-17912.983796
1665.362423,8810.098227,1184.329507,-12879.583391
1665.362740,1149.143247,-14211.954086,6587.832884
1665.363057,-1072.533697,-29904.320057,16210.510130
1665.363375,-4060.306139,-32272.979071,21539.992912
1665.363692,-9576.193725,-33753.390955,22058.137072
1665.364009,-7277.907231,-25241.022622,39823.079680
1665.364326,-8044.002729,-15988.448347,44486.377114
1665.364644,-7890.783629,-1184.329507,29978.340651
1665.364961,-7431.126331,11473.192101,-740.205942
1665.365278,-612.876398,20281.642811,-3182.885551
1665.365595,3753.867940,33383.287984,8068.244768
1665.365913,9729.412825,33383.287984,11177.109724
1665.366230,9729.412825,33161.226202,-9474.636058
1665.366547,11338.213370,25018.960840,-21762.054695
1665.366865,7584.345430,6143.709319,-10658.965565
1665.367182,3830.477490,-4071.132681,-8734.430116
1665.367499,2604.724693,-16284.530724,14211.954086
1665.367816,-1149.143247,-31458.752535,22724.322419
1665.368134,-10035.851024,-34567.617491,17764.942608
1665.368451,-7354.516781,-35011.741057,36418.132346
1665.368768,-6281.983084,-22502.260637,42561.841665
1665.369085,-11108.384721,-9474.636058,40859.367998
1665.369403,-4596.572988,1406.391290,15544.324782
1665.369720,-4519.963438,19097.313304,-11251.130318
1665.370037,9116.536426,31532.773129,4367.215058
1665.370355,7890.783629,35233.802839,15988.448347
1665.370672,7660.954980,36122.049970,-10881.027347
1665.370989,18539.511052,29090.093521,-16802.674883
1665.371306,12870.404366,16802.674883,-15322.262999
1665.371624,7201.297681,-666.185348,-14804.118840
1665.371941,76.609550,-13397.727550,-9548.656652
1665.372258,6052.154434,-27165.558071,21910.095883
1665.372575,-7507.735880,-29978.340651,23094.425390
1665.372893,-11261.603821,-37158.338288,27461.640448
1665.373210,-7124.688131,-29682.258274,40415.244433
1665.373527,-8963.317327,-14730.098246,39601.017897
1665.373845,-11108.384721,-13323.706956,36714.214723
1665.374162,-10342.289223,5625.565159,-2220.617826
1665.374479,-4749.792088,15396.283594,-2442.679609
1665.374796,3217.601092,33161.226202,7254.018232
1665.375114,9729.412825,36270.091158,10881.027347
1665.375431,13406.671215,34641.638086,-14359.995275
1665.375748,13176.842566,23390.507767,-25389.063811
1665.376065,8733.488677,6439.791695,-9252.574275
1665.376383,4826.401637,-9252.574275,-12065.356855
1665.376700,1225.752797,-17468.860231,5625.565159
1665.377017,919.314598,-34863.699868,24352.775492
1665.377335,-9193.145976,-33087.205607,18653.189738
1665.377652,-4443.353888,-27609.681637,36640.194129
1665.377969,-7660.954980,-22206.178260,40193.182651
1665.378286,-7048.078582,-13989.892304,40489.265027
1665.378604,-4443.353888,1110.308913,16432.571912
1665.378921,-5515.887586,12435.459826,-10658.965565
1665.379238,4903.011187,22428.240043,-1036.288319
1665.379555,6971.469032,36048.029375,10362.883188
1665.379873,11568.042020,33679.370361,-6069.688724
1665.380190,15475.129060,31606.793723,-17246.798449
1665.380507,18769.339701,15914.427753,-11695.253884
1665.380825,6665.030833,370.102971,-15914.427753
1665.381142,2987.772442,-18949.272115,5255.462188
1665.381459,1532.190996,-24204.734303,9474.636058
1665.381776,-6205.373534,-27387.619854,16580.613101
1665.382094,-7431.126331,-34049.473332,33013.185013
1665.382411,-9499.584175,-21910.095883,36492.152941
1665.382728,-5975.544884,-17024.736666,41377.512158
1665.383045,-7048.078582,-4737.318029,33013.185013
1665.383363,-7201.297681,12287.418637,222.061783
1665.383680,229.828649,20725.766376,-740.205942
1665.383997,3524.039291,33679.370361,4515.256246
1665.384314,9959.241474,34197.514520,7624.121203
1665.384632,11338.213370,34567.617491,-8586.388927
1665.384949,10035.851024,25241.022622,-21539.992912
1665.385266,7431.126331,4145.153275,-13767.830521
1665.385584,1378.971896,-8660.409521,-2590.720797
1665.385901,153.219100,-23020.404796,19985.560434
1665.386218,-3830.477490,-33161.226202,19689.478057
1665.386535,-10112.460574,-33605.349767,22280.198854
1665.386853,-8350.440928,-33827.411549,41747.615129
1665.387170,-7967.393179,-22280.198854,44412.356520
1665.387487,-9729.412825,-5403.503377,35899.988187
1665.387804,-4443.353888,7624.121203,15100.201217
1665.388122,-4136.915689,26573.393318,-11695.253884
1665.388439,7277.907231,31828.855506,-1554.432478
1665.388756,7354.516781,33013.185013,14211.954086
1665.389074,8120.612279,33309.267390,-9770.718434
1665.389391,14785.643111,27757.722825,-20725.766376
1665.389708,9806.022374,9918.759623,-13841.851115
1665.390025,6358.592633,-3256.906145,-10436.903782
1665.390343,1149.143247,-18061.024985,3849.070898
1665.390660,2068.457845,-27017.516883,18801.230927
1665.390977,-5056.230287,-33309.267390,24574.837274
1665.391294,-10112.460574,-32050.917289,31088.649564
1665.391612,-7660.954980,-26943.496289,37084.317694
1665.391929,-6205.373534,-15544.324782,41969.676911
1665.392246,-6741.640382,-3478.967927,31606.793723
1665.392564,-7431.126331,15544.324782,-9622.677246
1665.392881,1302.362347,24204.734303,-5921.647536
1665.393198,5209.449386,33235.246796,11843.295072
1665.393515,14096.157163,35307.823433,1184.329507
1665.393833,15858.176809,35529.885216,-15174.221811
1665.394150,11338.213370,20133.601622,-23168.445985
1665.394467,10035.851024,1554.432478,-11917.315666
1665.394784,3753.867940,-10955.047942,-7920.203579
1665.395102,3370.820191,-23390.507767,13767.830521
1665.395419,-4213.525239,-33901.432144,26869.475695
1665.395736,-10342.289223,-31310.711347,23612.569550
1665.396054,-5439.278036,-25463.084405,37602.461854
1665.396371,-10342.289223,-18653.189738,38638.750172
1665.396688,-7124.688131,-15544.324782,38786.791361
1665.397005,-4673.182538,5107.421000,9104.533087
1665.397323,-4060.306139,12361.439231,-5033.400406
1665.397640,4519.963438,25167.002028,-3627.009116
1665.397957,9269.755526,35455.864622,10584.944971
1665.398274,13100.233016,35825.967593,-10807.006753
1665.398592,15168.690860,32346.999665,-21243.910535
1665.398909,16547.662757,9918.759623,-11769.274478
1665.399226,2298.286494,-5625.565159,-14285.974681
1665.399544,229.828649,-28497.928767,13693.809927
1665.399861,-2145.067394,-29756.278868,13841.851115
1665.400178,-6894.859482,-30570.505405,17987.004391
1665.400495,-6511.811733,-30570.505405,35529.885216
1665.400813,-12870.404366,-21021.848753,38342.667796
1665.401130,-6511.811733,-17320.819043,42339.779882
1665.401447,-8810.098227,444.123565,22576.281231
1665.401764,-6818.249932,15914.427753,444.123565
1665.402082,2068.457845,26351.331535,-2294.638420
1665.402399,4979.620737,35307.823433,8438.347739
1665.402716,10495.508323,31384.731941,-1480.411884
1665.403034,15015.471761,31532.773129,-10362.883188
1665.403351,11031.775171,18209.066173,-22280.198854
1665.403668,8197.221829,592.164754,-14952.160028
1665.403985,1838.629195,-15396.283594,2590.720797
1665.404303,3677.258390,-21169.889941,11399.171507
1665.404620,-2834.553343,-33087.205607,23686.590144
1665.404937,-11108.384721,-33235.246796,29238.134709
1665.405254,-7431.126331,-30348.443622,42043.697506
1665.405572,-10342.289223,-18357.107362,40045.141462
1665.405889,-7890.783629,-3256.906145,31088.649564
1665.406206,-4213.525239,12213.398043,8734.430116
1665.406524,1608.800546,28275.866984,-4071.132681
1665.406841,3370.820191,34049.473332,-5181.441594
1665.407158,10801.946522,30792.567187,13989.892304
1665.407475,14019.547613,31976.896694,-8808.450710
1665.407793,12410.747068,29016.072926,-28053.805202
1665.408110,8886.707777,3478.967927,-11177.109724
1665.408427,2451.505594,-10807.006753,-3552.988522
1665.408744,2681.334243,-22058.137072,11991.336260
1665.409062,-3064.381992,-28423.908173,19097.313304
1665.409379,-9576.193725,-32569.061448,25092.981434
1665.409696,-7354.516781,-31014.628970,37232.358883
1665.410014,-10342.289223,-22502.260637,36788.235317
1665.410331,-7048.078582,-9844.739029,32643.082042
1665.410648,-7737.564530,-518.144159,20651.745782
1665.410965,-7354.516781,13397.727550,-3034.844362
1665.411283,2374.896044,31532.773129,-8438.347739
1665.411600,7354.516781,36122.049970,8660.409521
1665.411917,13330.061665,33901.432144,-2072.576638
1665.412234,16547.662757,33161.226202,-17542.880825
1665.412552,11414.822920,15396.283594,-19689.478057
1665.412869,3600.648841,-4367.215058,-8438.347739
1665.413186,2911.162892,-28053.805202,17172.777854
1665.413504,-2451.505594,-29904.320057,9326.594869
1665.413821,-4903.011187,-30940.608376,21391.951724
1665.414138,-7201.297681,-27905.764013,33161.226202
1665.414455,-7431.126331,-23834.631332,35529.885216
1665.414773,-5975.544884,-15100.201217,35751.946999
1665.415090,-5592.497135,-4663.297435,30200.402434
1665.415407,-3600.648841,14285.974681,-1628.453072
1665.415724,2374.896044,31236.690752,-8586.388927
1665.416042,3600.648841,31606.793723,6291.750507
1665.416359,14172.766713,29312.155303,8438.347739
1665.416676,17160.539155,37232.358883,-17912.983796
1665.416993,14938.862211,24352.775492,-21021.848753
1665.417311,11414.822920,518.144159,-10362.883188
1665.417628,3600.648841,-13027.624579,-7846.182985
1665.417945,2298.286494,-23168.445985,7476.080014
1665.418263,-4290.134789,-31458.752535,24204.734303
1665.418580,-8733.488677,-28423.908173,23316.487173
1665.418897,-9193.145976,-30200.402434,34493.596897
1665.419214,-13100.233016,-22724.322419,38416.688390
1665.419532,-10189.070123,-18135.045579,37676.482448
1665.419849,-9499.584175,3849.070898,9474.636058
1665.420166,-4903.011187,18431.127956,5699.585753
1665.420483,-1685.410096,30348.443622,-4441.235652
1665.420801,6665.030833,34715.658680,7550.100608
1665.421118,12180.918418,35011.741057,-7402.059420
1665.421435,16547.662757,31680.814318,-17912.983796
1665.421753,7507.735880,15544.324782,-18061.024985
1665.422070,6741.640382,-4219.173869,-11991.336260
1665.422387,1915.238745,-14434.015869,-740.205942
1665.422704,3447.429741,-23760.610738,17024.736666
1665.423022,-7354.516781,-33679.370361,24870.919651
1665.423339,-10189.070123,-33975.452738,36640.194129
1665.423656,-9116.536426,-29608.237680,40415.244433
1665.423973,-10725.336972,-17468.860231,37824.523636
1665.424291,-9652.803275,-7254.018232,29830.299463
1665.424608,-5362.668486,13767.830521,1924.535449
1665.424925,1455.581446,26055.249158,-3923.091493
1665.425243,2068.457845,37380.400071,-2590.720797
1665.425560,12793.794817,33605.349767,6217.729913
1665.425877,18999.168350,32643.082042,-13027.624579
1665.426194,15168.690860,26129.269753,-22502.260637
1665.426512,10112.460574,148.041188,-14211.954086
1665.426829,1991.848295,-17542.880825,0.000000
1665.427146,4979.620737,-26129.269753,10288.862594
1665.427463,-3370.820191,-29756.278868,23686.590144
1665.427781,-9269.755526,-28349.887579,32865.143825
1665.428098,-4903.011187,-27461.640448,42339.779882
1665.428415,-8963.317327,-15100.201217,34789.679274
1665.428733,-6358.592633,-7550.100608,33161.226202
1665.429050,-5975.544884,6069.688724,8512.368333
1665.429367,-2298.286494,15766.386565,-2886.803174
1665.429684,1991.848295,28942.052332,-6809.894666
1665.430002,9499.584175,35751.946999,7994.224174
1665.430319,12717.185267,35381.844028,-9844.739029
1665.430636,16547.662757,30274.423028,-18875.251521
1665.430953,8810.098227,7550.100608,-10140.821405
1665.431271,-1608.800546,-11843.295072,-5773.606348
1665.431588,-3524.039291,-30792.567187,18357.107362
1665.431905,-5286.058936,-35233.802839,24722.878463
1665.432223,-5975.544884,-34419.576303,23020.404796
1665.432540,-7048.078582,-28275.866984,32939.164419
1665.432857,-9576.193725,-21169.889941,40267.203245
1665.433174,-5898.935335,-9992.780217,37306.379477
1665.433492,-2604.724693,5921.647536,15100.201217
1665.433809,-2987.772442,24722.878463,-1480.411884
1665.434126,2374.896044,33235.246796,-7105.977043
1665.434443,1608.800546,32346.999665,11843.295072
1665.434761,9806.022374,28423.908173,-1628.453072
1665.435078,15398.519510,28719.990550,-16506.592507
1665.435395,10955.165621,11473.192101,-13471.748144
1665.435713,7507.735880,-4071.132681,-11917.315666
1665.436030,3524.039291,-15026.180623,-1406.391290
1665.436347,2451.505594,-19171.333898,15470.304188
1665.436664,-6588.421283,-31162.670158,23464.528361
1665.436982,-6435.202183,-32272.979071,35307.823433
1665.437299,-10725.336972,-25463.084405,31606.793723
1665.437616,-8963.317327,-18949.272115,31828.855506
1665.437933,-9499.584175,-10584.944971,31236.690752
1665.438251,-8120.612279,7254.018232,-666.185348
1665.438568,1838.629195,20873.807564,592.164754
1665.438885,5745.716235,40711.326810,148.041188
1665.439203,12487.356617,39378.956114,-1332.370696
1665.439520,18539.511052,35899.988187,-11029.068536
1665.439837,14709.033562,24944.940245,-20207.622217
1665.440154,9806.022374,10214.842000,-14730.098246
1665.440472,7048.078582,-7179.997637,-9622.677246
1665.440789,-1225.752797,-16358.551318,-3849.070898
1665.441106,1302.362347,-28794.011144,29756.278868
1665.441423,-12104.308868,-28571.949361,27535.661042
1665.441741,-7048.078582,-32272.979071,43598.129984
1665.442058,-10801.946522,-23316.487173,38860.811955
1665.442375,-11568.042020,-17616.901420,36788.235317
1665.442693,-8120.612279,-1480.411884,18727.210333
1665.443010,-7967.393179,12287.418637,-2590.720797
1665.443327,-766.095498,21984.116477,-3182.885551
1665.443644,3907.087040,37380.400071,7254.018232
1665.443962,17083.929605,39675.038491,-4663.297435
1665.444279,16088.005458,37602.461854,-24870.919651
1665.444596,16011.395908,15840.407159,-12731.542202
1665.444913,5515.887586,-7254.018232,-9326.594869
1665.445231,995.924147,-25907.207970,5847.626942
1665.445548,-1608.800546,-31310.711347,13989.892304
1665.445865,-3983.696590,-30718.546593,24426.796086
1665.446183,-6128.763984,-31384.731941,31458.752535
1665.446500,-9346.365076,-19911.539840,36418.132346
1665.446817,-6665.030833,-13471.748144,36640.194129
1665.447134,-6128.763984,-4663.297435,32865.143825
1665.447452,-8963.317327,12213.398043,0.000000
1665.447769,-1378.971896,21317.931130,2590.720797
1665.448086,1149.143247,31680.814318,-518.144159
1665.448403,10495.508323,35529.885216,4737.318029
1665.448721,13636.499864,32050.917289,-10658.965565
1665.449038,16011.395908,22428.240043,-21317.931130
1665.449355,12410.747068,4737.318029,-11325.150913
1665.449673,76.609550,-15470.304188,74.020594
1665.449990,153.219100,-30348.443622,20059.581028
1665.450307,-2068.457845,-29164.114115,20873.807564
1665.450624,-7354.516781,-30052.361245,24574.837274
1665.450942,-10035.851024,-28942.052332,40193.182651
1665.451259,-8886.707777,-15174.221811,40267.203245
1665.451576,-4596.572988,-4737.318029,25981.228564
1665.451893,-3370.820191,9548.656652,3775.050304
1665.452211,2298.286494,26055.249158,1924.535449
1665.452528,2681.334243,34493.596897,-7179.997637
1665.452845,6128.763984,30200.402434,5255.462188
1665.453162,9193.145976,24278.754898,-444.123565
1665.453480,11338.213370,27239.578666,-19911.539840
1665.453797,9806.022374,6513.812290,-14582.057057
1665.454114,-306.438199,-15544.324782,-1554.432478
1665.454432,1302.362347,-29312.155303,21317.931130
1665.454749,-5209.449386,-21021.848753,10807.006753
1665.455066,-6894.859482,-30496.484810,25092.981434
1665.455383,-7277.907231,-35011.741057,37380.400071
1665.455701,-13406.671215,-20355.663405,33383.287984
1665.456018,-7354.516781,-14137.933492,37676.482448
1665.456335,-8733.488677,-5995.668130,19245.354492
1665.456652,-1991.848295,19615.457463,370.102971
1665.456970,3983.696590,35455.864622,-9474.636058
1665.457287,10495.508323,36936.276506,11547.212695
1665.457604,13100.233016,33161.226202,-4959.379811
1665.457922,18233.072852,34271.535115,-17246.798449
1665.458239,9652.803275,18135.045579,-14878.139434
1665.458556,8963.317327,-7846.182985,-6735.874072
1665.458873,2451.505594,-15988.448347,-12657.521608
1665.459191,3294.210641,-23242.466579,16506.592507
1665.459508,-8810.098227,-29756.278868,23686.590144
1665.459825,-8197.221829,-31902.876100,35011.741057
1665.460142,-5745.716235,-27239.578666,37232.358883
1665.460460,-9729.412825,-14582.057057,27535.661042
1665.460777,-6052.154434,-13397.727550,30052.361245
1665.461094,-6358.592633,6587.832884,3849.070898
1665.461412,-2451.505594,14285.974681,1554.432478
1665.461729,995.924147,32643.082042,2442.679609
1665.462046,12257.527968,38342.667796,5403.503377
1665.462363,15781.567259,41081.429781,-15914.427753
1665.462681,15168.690860,23168.445985,-19393.395680
1665.462998,13330.061665,4737.318029,-11843.295072
1665.463315,3140.991542,-10362.883188,-9696.697840
1665.463632,3753.867940,-26351.331535,9918.759623
1665.463950,-2604.724693,-30866.587781,18801.230927
1665.464267,-8350.440928,-29608.237680,21317.931130
1665.464584,-6435.202183,-26721.434506,37602.461854
1665.464902,-12257.527968,-18949.272115,37898.544230
1665.465219,-9116.536426,-14878.139434,33383.287984
1665.465536,-9116.536426,-1702.473667,16284.530724
1665.465853,-5362.668486,8808.450710,11991.336260
1665.466171,-919.314598,26055.249158,-3552.988522
1665.466488,4213.525239,38638.750172,-2294.638420
1665.466805,11874.480219,33679.370361,-3108.864956
1665.467123,14785.643111,30940.608376,-14211.954086
1665.467440,13023.623466,19023.292709,-22280.198854
1665.467757,6205.373534,-5847.626942,-5551.544565
1665.468074,1762.019645,-30422.464216,24648.857869
1665.468392,-2221.676944,-31310.711347,11843.295072
1665.468709,-5056.230287,-29016.072926,17246.798449
1665.469026,-7660.954980,-33605.349767,36936.276506
1665.469344,-11031.775171,-24574.837274,38786.791361
1665.469661,-6588.421283,-9104.533087,33087.205607
1665.469978,-2451.505594,1184.329507,24722.878463
1665.470295,-2528.115143,17098.757260,4959.379811
1665.470613,5056.230287,31310.711347,1406.391290
1665.470930,2298.286494,35751.946999,-7772.162391
1665.471247,11414.822920,30644.525999,4515.256246
1665.471565,11951.089769,28127.825796,-7105.977043
1665.471882,11568.042020,19245.354492,-22576.281231
1665.472199,10955.165621,-1110.308913,-20651.745782
1665.472516,2987.772442,-17690.922014,19245.354492
1665.472834,689.485948,-30422.464216,12361.439231
1665.473151,-3140.991542,-27535.661042,15544.324782
1665.473468,-9806.022374,-32346.999665,33161.226202
1665.473786,-10265.679673,-24870.919651,37528.441259
1665.474103,-6588.421283,-13175.665768,36640.194129
1665.474420,-6818.249932,-6587.832884,26869.475695
1665.474737,-3907.087040,7105.977043,9326.594869
1665.475055,1608.800546,25833.187376,1628.453072
1665.475372,5822.325785,39230.914926,-1480.411884
1665.475689,10801.946522,31162.670158,1924.535449
1665.476007,13483.280765,32124.937883,-5033.400406
1665.476324,12104.308868,27757.722825,-25389.063811
1665.476641,8656.879127,8808.450710,-11769.274478
1665.476958,4366.744339,-14063.912898,-3552.988522
1665.477276,2681.334243,-23686.590144,8956.491898
1665.477593,-1685.410096,-25907.207970,16580.613101
1665.477910,-11108.384721,-30496.484810,26943.496289
1665.478228,-9576.193725,-30496.484810,38342.667796
1665.478545,-11874.480219,-20355.663405,36344.111752
1665.478862,-9499.584175,-17394.839637,33309.267390
1665.479179,-6435.202183,-3478.967927,18061.024985
1665.479497,-3753.867940,17468.860231,2886.803174
1665.479814,3140.991542,28794.011144,-6883.915261
1665.480131,8427.050478,35011.741057,5255.462188
1665.480449,13559.890315,35603.905810,-1776.494261
1665.480766,13176.842566,34123.493926,-22724.322419
1665.481083,14479.204912,12139.377449,-10510.924376
1665.481400,5822.325785,-4071.132681,-14285.974681
1665.481718,1302.362347,-23834.631332,2442.679609
1665.482035,2068.457845,-28349.887579,16728.654289
1665.482352,-7277.907231,-31310.711347,19171.333898
1665.482670,-6435.202183,-30496.484810,31458.752535
1665.482987,-12257.527968,-20281.642811,35381.844028
1665.483304,-6665.030833,-15840.407159,38342.667796
1665.483621,-8350.440928,-8216.285956,21688.034101
1665.483939,-6511.811733,6291.750507,9474.636058
1665.484256,-842.705048,20577.725188,9474.636058
1665.484573,1838.629195,36862.255912,-962.267725
1665.484891,12334.137518,36714.214723,296.082377
1665.485208,13866.328514,35825.967593,-11177.109724
1665.485525,15475.129060,21614.013506,-18579.169144
1665.485842,11721.261119,3034.844362,-23094.425390
1665.486160,1685.410096,-17912.983796,962.267725
1665.486477,6894.859482,-33161.226202,17394.839637
1665.486794,-5362.668486,-30792.567187,12953.603985
1665.487112,-7967.393179,-32643.082042,27387.619854
1665.487429,-8886.707777,-27535.661042,39526.997303
1665.487746,-10725.336972,-16728.654289,39823.079680
1665.488063,-7048.078582,-6291.750507,27831.743419
1665.488381,-6435.202183,4219.173869,9104.533087
1665.488698,-1072.533697,16432.571912,7179.997637
1665.489015,1532.190996,34345.555709,-7254.018232
1665.489333,8656.879127,34937.720462,4219.173869
1665.489650,11951.089769,30940.608376,-3849.070898
1665.489967,14402.595362,31532.773129,-22576.281231
1665.490284,12257.527968,10955.047942,-15544.324782
1665.490602,4366.744339,-10066.800811,-2812.782580
1665.490919,2374.896044,-30200.402434,23760.610738
1665.491236,-3294.210641,-23908.651927,9030.512492
1665.491554,-5132.839837,-29164.114115,19763.498651
1665.491871,-9269.755526,-29238.134709,40267.203245
1665.492188,-12870.404366,-18283.086767,34493.596897
1665.492505,-8580.269578,-9030.512492,25167.002028
1665.492823,-3294.210641,-3775.050304,24426.796086
1665.493140,0.000000,19245.354492,6809.894666
1665.493457,4290.134789,34197.514520,-7328.038826
1665.493775,9576.193725,33975.452738,1628.453072
1665.494092,12563.966167,31384.731941,148.041188
1665.494409,12793.794817,32865.143825,-18209.066173
1665.494726,7201.297681,15692.365970,-25092.981434
1665.495044,7354.516781,-6957.935855,-4663.297435
1665.495361,1762.019645,-25759.166782,22946.384202
1665.495678,-4136.915689,-27979.784608,5921.647536
1665.495995,-2987.772442,-32495.040854,22872.363608
1665.496313,-10342.289223,-35233.802839,36270.091158
1665.496630,-12717.185267,-20873.807564,35307.823433
1665.496947,-8733.488677,-10066.800811,33161.226202
1665.497265,-4903.011187,-2368.659014,25685.146187
1665.497582,-3370.820191,13619.789333,3923.091493
1665.497899,842.705048,25018.960840,-222.061783
1665.498216,4290.134789,33605.349767,6809.894666
1665.498534,10648.727422,31162.670158,4367.215058
1665.498851,12027.699319,34493.596897,-13027.624579
1665.499168,9576.193725,20947.828159,-22502.260637
1665.499486,10265.679673,4293.194464,-12065.356855
1665.499803,1149.143247,-15766.386565,8216.285956
1665.500120,459.657299,-32569.061448,14582.057057
1665.500437,-1991.848295,-31828.855506,21169.889941
1665.500755,-9116.536426,-32569.061448,25833.187376
1665.501072,-11951.089769,-29608.237680,33975.452738
1665.501389,-10648.727422,-19615.457463,40933.388593
1665.501707,-7124.688131,-6439.791695,24426.796086
1665.502024,-4979.620737,6143.709319,8512.368333
1665.502341,2451.505594,23390.507767,6809.894666
1665.502658,2298.286494,35307.823433,-2812.782580
1665.502976,12257.527968,31828.855506,5329.482782
1665.503293,13483.280765,32717.102636,-9326.594869
1665.503610,13330.061665,27683.702231,-23686.590144
1665.503928,12563.966167,8142.265362,-15322.262999
1665.504245,6128.763984,-5921.647536,-13397.727550
1665.504562,9193.145976,-22280.198854,6957.935855
1665.504879,-612.876398,-28794.011144,14656.077652
1665.505197,-8197.221829,-36048.029375,26943.496289
1665.505514,-8044.002729,-29978.340651,38194.626607
1665.505831,-16394.443657,-17024.736666,31384.731941
1665.506149,-10801.946522,-17098.757260,35751.946999
1665.506466,-8197.221829,-2368.659014,20577.725188
1665.506783,-4749.792088,11843.295072,7772.162391
1665.507100,459.657299,28127.825796,814.226536
1665.507418,5132.839837,35529.885216,6661.853478
1665.507735,15321.909960,35677.926404,-3404.947333
1665.508052,16241.224558,37010.297100,-20947.828159
1665.508370,11874.480219,16802.674883,-15766.386565
1665.508687,9116.536426,592.164754,-13693.809927
1665.509004,1838.629195,-11029.068536,-4959.379811
1665.509321,8503.660028,-27165.558071,17542.880825
1665.509639,-5898.935335,-29238.134709,19245.354492
1665.509956,-7660.954980,-27239.578666,31310.711347
1665.510273,-9882.631924,-25463.084405,39008.853143
1665.510591,-13100.233016,-16136.489536,34197.514520
1665.510908,-9806.022374,-10658.965565,28423.908173
1665.511225,-8886.707777,4219.173869,5699.585753
1665.511542,-766.095498,15396.283594,9770.718434
1665.511860,1915.238745,37010.297100,-2738.761985
1665.512177,10342.289223,38564.729578,-592.164754
1665.512494,13713.109414,33161.226202,-6883.915261
1665.512812,14709.033562,24352.775492,-21243.910535
1665.513129,9576.193725,8068.244768,-14730.098246
1665.513446,1608.800546,-13767.830521,1554.432478
1665.513763,1608.800546,-31828.855506,20059.581028
1665.514081,383.047749,-30496.484810,16728.654289
1665.514398,-3753.867940,-32421.020260,27905.764013
1665.514715,-7507.735880,-23242.466579,36788.235317
1665.515033,-10725.336972,-14063.912898,37602.461854
1665.515350,-6281.983084,-3404.947333,24056.693115
1665.515667,-2451.505594,6735.874072,12805.562797
1665.515984,229.828649,18875.251521,8882.471304
1665.516302,1225.752797,28794.011144,0.000000
1665.516619,5439.278036,31384.731941,2738.761985
1665.516936,9882.631924,27905.764013,-1258.350101
1665.517254,14938.862211,28275.866984,-12583.501014
1665.517571,11874.480219,18209.066173,-22132.157666
1665.517888,4366.744339,-4219.173869,-14211.954086
1665.518205,4060.306139,-29238.134709,25981.228564
1665.518523,-766.095498,-26721.434506,11843.295072
1665.518840,-3524.039291,-32124.937883,16950.716072
1665.519157,-8733.488677,-35677.926404,39971.120868
1665.519475,-14785.643111,-20873.807564,38416.688390
1665.519792,-8197.221829,-9474.636058,30718.546593
1665.520109,-6435.202183,3552.988522,19911.539840
1665.520426,-3753.867940,15174.221811,2590.720797
1665.520744,4903.011187,26129.269753,518.144159
1665.521061,6818.249932,35085.761651,7920.203579
1665.521378,11184.994271,31236.690752,-3849.070898
1665.521696,12793.794817,28423.908173,-16136.489536
1665.522013,6894.859482,16062.468941,-19837.519246
1665.522330,8886.707777,2368.659014,-13545.768739
1665.522647,-1225.752797,-11399.171507,-518.144159
1665.522965,5286.058936,-26055.249158,21762.054695
1665.523282,-4290.134789,-33457.308578,19911.539840
1665.523599,-10725.336972,-31014.628970,27091.537477
1665.523917,-9193.145976,-29164.114115,37898.544230
1665.524234,-12410.747068,-16950.716072,34197.514520
1665.524551,-9269.755526,-9400.615463,27535.661042
1665.524868,-7354.516781,7624.121203,2368.659014
1665.525186,919.314598,20651.745782,2072.576638
1665.525503,2068.457845,33901.432144,-3330.926739
1665.525820,12640.575717,32717.102636,9548.656652
1665.526138,13483.280765,33013.185013,-9696.697840
1665.526455,10955.165621,27831.743419,-25833.187376
1665.526772,6052.154434,6439.791695,-12509.480420
1665.527089,1608.800546,-11399.171507,-4441.235652
1665.527407,3907.087040,-23316.487173,13249.686362
1665.527724,459.657299,-27979.784608,16802.674883
1665.528041,-7124.688131,-31754.834912,24130.713709
1665.528359,-4060.306139,-27831.743419,37824.523636
1665.528676,-12257.527968,-16876.695478,32865.143825
1665.528993,-8197.221829,-9696.697840,31754.834912
1665.529310,-7737.564530,-962.267725,14952.160028
1665.529628,-4060.306139,9622.677246,2442.679609
1665.529945,1455.581446,25389.063811,1702.473667
1665.530262,7048.078582,36270.091158,2886.803174
1665.530580,11491.432470,35011.741057,-7254.018232
1665.530897,14402.595362,29460.196492,-15396.283594
1665.531214,13100.233016,11843.295072,-17616.901420
1665.531531,4596.572988,-2960.823768,-16432.571912
1665.531849,2757.943793,-27757.722825,19689.478057
1665.532166,459.657299,-30940.608376,16284.530724
1665.532483,-2145.067394,-34567.617491,19319.375086
1665.532801,-3294.210641,-30792.567187,38860.811955
1665.533118,-11874.480219,-20799.786970,33309.267390
1665.533435,-7814.174080,-7476.080014,28868.031738
1665.533752,-4290.134789,2294.638420,22502.260637
1665.534070,-4826.401637,12583.501014,2294.638420
1665.534387,3677.258390,25981.228564,1998.556043
1665.534704,2604.724693,32421.020260,740.205942
1665.535022,8350.440928,29090.093521,5477.523971
1665.535339,11491.432470,25981.228564,-7772.162391
1665.535656,12563.966167,20355.663405,-18579.169144
1665.535973,9039.926876,1258.350101,-19763.498651
1665.536291,1149.143247,-11473.192101,5921.647536
1665.536608,3830.477490,-26869.475695,22724.322419
1665.536925,-1532.190996,-29312.155303,17912.983796
1665.537243,-5362.668486,-30792.567187,26425.352129
1665.537560,-8350.440928,-31236.690752,39452.976709
1665.537877,-10189.070123,-17098.757260,35825.967593
1665.538194,-8197.221829,-1628.453072,19689.478057
1665.538512,-3140.991542,8142.265362,5699.585753
1665.538829,3830.477490,23094.425390,4589.276840
1665.539146,5669.106685,36418.132346,-296.082377
1665.539464,10189.070123,32791.123231,4885.359217
1665.539781,11031.775171,29978.340651,-1924.535449
1665.540098,14096.157163,25537.104999,-16284.530724
1665.540415,6511.811733,10510.924376,-22206.178260
1665.540733,1455.581446,-9622.677246,-3182.885551
1665.541050,-229.828649,-28201.846390,24944.940245
1665.541367,-2757.943793,-24796.899057,13471.748144
1665.541685,-5439.278036,-31754.834912,22206.178260
1665.542002,-7201.297681,-31088.649564,40563.285622
1665.542319,-12257.527968,-21465.972318,33827.411549
1665.542636,-8656.879127,-7846.182985,25092.981434
1665.542954,-5362.668486,814.226536,15470.304188
1665.543271,-1685.410096,20133.601622,0.000000
1665.543588,689.485948,30126.381839,-7698.141797
1665.543905,8427.050478,32495.040854,9844.739029
1665.544223,11184.994271,29756.278868,888.247130
1665.544540,12257.527968,30718.546593,-19319.375086
1665.544857,7277.907231,12361.439231,-19541.436869
1665.545175,3447.429741,-6883.915261,-2812.782580
1665.545492,0.000000,-22428.240043,13693.809927
1665.545809,-2911.162892,-24722.878463,9770.718434
1665.546126,-1685.410096,-29904.320057,23242.466579
1665.546444,-6818.249932,-28423.908173,32421.020260
1665.546761,-8580.269578,-27905.764013,33679.370361
1665.547078,-8044.002729,-13249.686362,29460.196492
1665.547396,-4519.963438,-2368.659014,29312.155303
1665.547713,-5898.935335,15766.386565,-5033.400406
1665.548030,2068.457845,23168.445985,-2294.638420
1665.548347,3753.867940,32791.123231,7031.956449
1665.548665,11874.480219,33827.411549,2960.823768
1665.548982,13636.499864,32569.061448,-13101.645173
1665.549299,12870.404366,19245.354492,-15248.242405
1665.549617,11184.994271,-296.082377,-16728.654289
1665.549934,459.657299,-11769.274478,-2368.659014
1665.550251,2528.115143,-28423.908173,18283.086767
1665.550568,-3217.601092,-31162.670158,23020.404796
1665.550886,-7124.688131,-34789.679274,26795.455100
1665.551203,-5286.058936,-30866.587781,38490.708984
1665.551520,-9729.412825,-16580.613101,37306.379477
1665.551838,-7354.516781,-7105.977043,26425.352129
1665.552155,-5132.839837,9030.512492,5033.400406
1665.552472,459.657299,18357.107362,1184.329507
1665.552789,1378.971896,32050.917289,-2368.659014
1665.553107,10955.165621,32124.937883,9474.636058
1665.553424,12257.527968,34271.535115,-6069.688724
1665.553741,14096.157163,25611.125593,-17764.942608
1665.554059,10725.336972,6735.874072,-9844.739029
1665.554376,3447.429741,-9474.636058,-10881.027347
1665.554693,306.438199,-24278.754898,14434.015869
1665.555010,-4060.306139,-30792.567187,19171.333898
1665.555328,-7124.688131,-34863.699868,21614.013506
1665.555645,-7201.297681,-32050.917289,34345.555709
1665.555962,-12180.918418,-21391.951724,37306.379477
1665.556280,-8963.317327,-14582.057057,35159.782245
1665.556597,-7048.078582,222.061783,17542.880825
1665.556914,-2681.334243,16432.571912,1702.473667
1665.557231,2681.334243,29460.196492,-2886.803174
1665.557549,7660.954980,35455.864622,4885.359217
1665.557866,11951.089769,31310.711347,-6069.688724
1665.558183,16241.224558,31162.670158,-14508.036463
1665.558501,13559.890315,14434.015869,-14211.954086
1665.558818,5592.497135,-3627.009116,-15026.180623
1665.559135,3524.039291,-23168.445985,11547.212695
1665.559452,-2834.553343,-23686.590144,7920.203579
1665.559770,-5515.887586,-27091.537477,21243.910535
1665.560087,-5669.106685,-27461.640448,35751.946999
1665.560404,-8733.488677,-21836.075289,36566.173535
1665.560722,-6818.249932,-13027.624579,31532.773129
1665.561039,-5669.106685,-4219.173869,26129.269753
1665.561356,-5056.230287,13397.727550,-1924.535449
1665.561673,1072.533697,23686.590144,-5773.606348
1665.561991,2911.162892,32124.937883,2146.597232
1665.562308,9193.145976,32272.979071,3182.885551
1665.562625,13559.890315,34937.720462,-12287.418637
1665.562943,12104.308868,24278.754898,-21095.869347
1665.563260,6741.640382,-370.102971,-2738.761985
1665.563577,1149.143247,-20059.581028,9030.512492
1665.563895,-4596.572988,-22650.301825,5107.421000
1665.564212,-2987.772442,-27535.661042,19985.560434
1665.564529,-7354.516781,-29312.155303,32495.040854
1665.564846,-7814.174080,-28275.866984,34789.679274
1665.565164,-5822.325785,-18505.148550,35603.905810
1665.565481,-3907.087040,-5477.523971,30422.464216
1665.565798,-3370.820191,9474.636058,3775.050304
1665.566116,2221.676944,25463.084405,1258.350101
1665.566433,2834.553343,29978.340651,-5847.626942
1665.566750,7354.516781,32421.020260,3997.112087
1665.567068,9193.145976,30274.423028,-7476.080014
1665.567385,13789.718964,27461.640448,-16136.489536
1665.567702,10035.851024,6439.791695,-15248.242405
1665.568019,2528.115143,-12065.356855,0.000000
1665.568337,383.047749,-32569.061448,21465.972318
1665.568654,-4596.572988,-29682.258274,17172.777854
1665.568971,-7967.393179,-32198.958477,21762.054695
1665.569289,-7967.393179,-33383.287984,38490.708984
1665.569606,-7507.735880,-18283.086767,36196.070564
1665.569923,-4596.572988,-4885.359217,28645.969955
1665.570241,-689.485948,4515.256246,22206.178260
1665.570558,-2221.676944,23538.548956,1332.370696
1665.570875,3217.601092,30274.423028,-7698.141797
1665.571192,5898.935335,28423.908173,8956.491898
1665.571510,10342.289223,28571.949361,-2146.597232
1665.571827,14709.033562,31236.690752,-17616.901420
1665.572144,10878.556072,11769.274478,-10807.006753
1665.572462,10878.556072,-4959.379811,-8216.285956
1665.572779,3753.867940,-20503.704593,4071.132681
1665.573096,-1455.581446,-24352.775492,11991.336260
1665.573414,-6894.859482,-31532.773129,23094.425390
1665.573731,-9959.241474,-30422.464216,31976.896694
1665.574048,-10725.336972,-21465.972318,31976.896694
1665.574366,-6435.202183,-17394.839637,37454.420665
1665.574683,-5286.058936,-7772.162391,26573.393318
1665.575000,-4443.353888,11399.171507,-814.226536
1665.575317,2221.676944,20577.725188,-518.144159
1665.575635,4443.353888,35011.741057,1628.453072
1665.575952,10265.679673,34641.638086,-1258.350101
1665.576269,11721.261119,35603.905810,-11325.150913
1665.576587,12870.404366,19911.539840,-15914.427753
1665.576904,10112.460574,4293.194464,-17172.777854
1665.577221,306.438199,-15100.201217,888.247130
1665.577539,2298.286494,-29608.237680,15692.365970
1665.577856,-7737.564530,-29534.217086,16284.530724
1665.578173,-9729.412825,-28423.908173,27165.558071
1665.578490,-8810.098227,-23464.528361,33161.226202
1665.578808,-7967.393179,-16654.633695,37898.544230
1665.579125,-7660.954980,-9918.759623,27165.558071
1665.579442,-7277.907231,3849.070898,8438.347739
1665.579760,-229.828649,12879.583391,6957.935855
1665.580077,1072.533697,31014.628970,-6069.688724
1665.580394,8580.269578,33605.349767,1998.556043
1665.580712,8273.831378,30496.484810,-7476.080014
1665.581029,12870.404366,28423.908173,-19097.313304
1665.581346,10878.556072,10436.903782,-15248.242405
1665.581663,1378.971896,-11843.295072,518.144159
1665.581981,1378.971896,-30422.464216,20355.663405
1665.582298,-2221.676944,-26573.393318,11621.233289
1665.582615,-6052.154434,-27239.578666,18283.086767
1665.582933,-6511.811733,-28794.011144,39082.873738
1665.583250,-6435.202183,-18653.189738,37232.358883
1665.583567,-4826.401637,-4959.379811,25537.104999
1665.583885,-383.047749,2146.597232,25167.002028
1665.584202,-1608.800546,16728.654289,11399.171507
1665.584519,4213.525239,31236.690752,-4071.132681
1665.584836,4673.182538,32124.937883,-4293.194464
1665.585154,8733.488677,28571.949361,3034.844362
1665.585471,10648.727422,28645.969955,-13175.665768
1665.585788,13023.623466,18579.169144,-26055.249158
1665.586106,7967.393179,-4811.338623,-10584.944971
1665.586423,3983.696590,-28423.908173,26573.393318
1665.586740,-2068.457845,-27461.640448,7550.100608
1665.587058,-5669.106685,-29312.155303,15470.304188
1665.587375,-9116.536426,-32346.999665,38194.626607
1665.587692,-11797.870669,-22428.240043,35307.823433
1665.588010,-5286.058936,-9400.615463,29534.217086
1665.588327,-4213.525239,-0.000000,27757.722825
1665.588644,-4596.572988,14656.077652,4219.173869
1665.588961,3677.258390,26869.475695,-3701.029710
1665.589279,4136.915689,33013.185013,0.000000
1665.589596,9729.412825,25759.166782,6217.729913
1665.589913,10955.165621,30792.567187,-11769.274478
1665.590231,8580.269578,21317.931130,-22132.157666
1665.590548,11951.089769,-222.061783,-13101.645173
1665.590865,2221.676944,-12361.439231,7402.059420
1665.591183,1915.238745,-23908.651927,11177.109724
1665.591500,-3217.601092,-29238.134709,21243.910535
1665.591817,-10035.851024,-30792.567187,28201.846390
1665.592134,-10342.289223,-25833.187376,33975.452738
1665.592452,-6818.249932,-16136.489536,40045.141462
1665.592769,-6741.640382,-8216.285956,24352.775492
1665.593086,-3064.381992,3775.050304,10066.800811
1665.593404,3524.039291,21243.910535,3627.009116
1665.593721,6281.983084,36936.276506,-7105.977043
1665.594038,10725.336972,34715.658680,740.205942
1665.594356,10342.289223,30792.567187,-3182.885551
1665.594673,12334.137518,26573.393318,-19689.478057
1665.594990,10035.851024,10807.006753,-21465.972318
1665.595307,0.000000,-11103.089130,-2886.803174
1665.595625,2604.724693,-30718.546593,21836.075289
1665.595942,-4903.011187,-26277.310941,13175.665768
1665.596259,-9806.022374,-34049.473332,22132.157666
1665.596577,-7737.564530,-27905.764013,35233.802839
1665.596894,-11721.261119,-18801.230927,33753.390955
1665.597211,-7354.516781,-9474.636058,31088.649564
1665.597529,-5286.058936,-2146.597232,16802.674883
1665.597846,-2911.162892,14359.995275,8734.430116
1665.598163,-153.219100,29016.072926,-5699.585753
1665.598480,7660.954980,34419.576303,1776.494261
1665.598798,8886.707777,32050.917289,-5477.523971
1665.599115,11721.261119,32421.020260,-15544.324782
1665.599432,11874.480219,13989.892304,-16136.489536
1665.599750,5745.716235,-3701.029710,-14211.954086
1665.600067,2298.286494,-26573.393318,17616.901420
1665.600384,-2374.896044,-25907.207970,10362.883188
1665.600702,-4290.134789,-29090.093521,16506.592507
1665.601019,-7814.174080,-32865.143825,36344.111752
1665.601336,-10648.727422,-25167.002028,38342.667796
1665.601654,-6358.592633,-11177.109724,29386.175897
1665.601971,-6052.154434,-4737.318029,25167.002028
1665.602288,-2987.772442,13619.789333,8216.285956
1665.602605,2068.457845,27239.578666,444.123565
1665.602923,5592.497135,39304.935520,-3552.988522
1665.603240,9116.536426,32124.937883,814.226536
1665.603557,13176.842566,29016.072926,-5995.668130
1665.603875,12257.527968,18949.272115,-20281.642811
1665.604192,11568.042020,-518.144159,-21614.013506
1665.604509,2834.553343,-19763.498651,11473.192101
1665.604827,2451.505594,-29164.114115,14434.015869
1665.605144,-2987.772442,-28423.908173,18949.272115
1665.605461,-7890.783629,-32421.020260,33975.452738
1665.605778,-10495.508323,-24204.734303,39082.873738
1665.606096,-9116.536426,-14137.933492,40785.347404
1665.606413,-7048.078582,-2738.761985,23908.651927
1665.606730,-4826.401637,7105.977043,5773.606348
1665.607048,2834.553343,21317.931130,4367.215058
1665.607365,4290.134789,36048.029375,-5181.441594
1665.607682,11491.432470,31976.896694,-740.205942
1665.608000,9806.022374,30792.567187,-7254.018232
1665.608317,13789.718964,22428.240043,-18283.086767
1665.608634,7354.516781,2516.700203,-14434.015869
1665.608951,-1378.971896,-16062.468941,5477.523971
1665.609269,-1378.971896,-31384.731941,21243.910535
1665.609586,-2834.553343,-28942.052332,19097.313304
1665.609903,-8810.098227,-32124.937883,25241.022622
1665.610221,-8197.221829,-26499.372724,40785.347404
1665.610538,-8503.660028,-14952.160028,40341.223839
1665.610855,-4903.011187,296.082377,20577.725188
1665.611173,-612.876398,6957.935855,11251.130318
1665.611490,2451.505594,25685.146187,5921.647536
1665.611807,3524.039291,34937.720462,-9400.615463
1665.612124,6511.811733,34863.699868,-3997.112087
1665.612442,9499.584175,27091.537477,-2886.803174
1665.612759,12257.527968,23464.528361,-13471.748144
1665.613076,7124.688131,6809.894666,-24648.857869
1665.613394,-766.095498,-15322.262999,3034.844362
1665.613711,-612.876398,-32421.020260,28571.949361
1665.614028,-5669.106685,-27387.619854,11769.274478
1665.614346,-6971.469032,-31014.628970,22354.219448
1665.614663,-9116.536426,-30052.361245,37380.400071
1665.614980,-8580.269578,-12731.542202,34789.679274
1665.615298,-3830.477490,-666.185348,25241.022622
1665.615615,-2604.724693,5995.668130,14285.974681
1665.615932,-1149.143247,21836.075289,8734.430116
1665.616249,2374.896044,32717.102636,-5921.647536
1665.616567,5362.668486,30792.567187,2664.741391
1665.616884,9576.193725,26499.372724,-814.226536
1665.617201,11184.994271,27609.681637,-17320.819043
1665.617519,10112.460574,10732.986159,-13471.748144
1665.617836,7201.297681,-7105.977043,-10807.006753
1665.618153,3217.601092,-19985.560434,12805.562797
1665.618471,-1225.752797,-25463.084405,13767.830521
1665.618788,-5362.668486,-31236.690752,21243.910535
1665.619105,-10878.556072,-32495.040854,33087.205607
1665.619422,-11261.603821,-21688.034101,38342.667796
1665.619740,-7124.688131,-15026.180623,32791.123231
1665.620057,-3983.696590,-4367.215058,25167.002028
1665.620374,-1302.362347,16580.613101,1998.556043
1665.620692,5439.278036,31384.731941,-4885.359217
1665.621009,9729.412825,39897.100274,-3775.050304
1665.621326,14709.033562,31014.628970,3108.864956
1665.621644,13330.061665,33975.452738,-14434.015869
1665.621961,14249.376263,16136.489536,-16432.571912
1665.622278,9116.536426,-3552.988522,-16580.613101
1665.622595,3830.477490,-21984.116477,9622.677246
1665.622913,-536.266849,-26721.434506,11399.171507
1665.623230,-4903.011187,-29386.175897,21465.972318
1665.623547,-7354.516781,-34197.514520,38638.750172
1665.623865,-11951.089769,-19689.478057,34049.473332
1665.624182,-8350.440928,-13397.727550,36418.132346
1665.624499,-6741.640382,-6957.935855,26425.352129
1665.624817,-5209.449386,7550.100608,7476.080014
1665.625134,536.266849,21539.992912,5921.647536
1665.625451,4136.915689,35529.885216,-6143.709319
1665.625768,10265.679673,34937.720462,-740.205942
1665.626086,10572.117872,31680.814318,-7772.162391
1665.626403,13942.938064,19023.292709,-16062.468941
1665.626720,8427.050478,-666.185348,-10584.944971
1665.627038,-2451.505594,-20429.683999,4959.379811
1665.627355,229.828649,-31236.690752,17394.839637
1665.627672,0.000000,-26277.310941,15988.448347
1665.627990,-6665.030833,-29682.258274,26647.413912
1665.628307,-8044.002729,-25092.981434,39304.935520
1665.628624,-8197.221829,-12583.501014,36344.111752
1665.628942,-3447.429741,518.144159,22502.260637
1665.629259,-1915.238745,9696.697840,7476.080014
1665.629576,1532.190996,24796.899057,3330.926739
1665.629893,1685.410096,30940.608376,-5847.626942
1665.630211,5669.106685,30126.381839,-814.226536
1665.630528,7048.078582,24500.816680,-4737.318029
1665.630845,12334.137518,21688.034101,-13989.892304
1665.631163,7048.078582,4663.297435,-15692.365970
1665.631480,1072.533697,-13915.871710,7402.059420
1665.631797,-1838.629195,-27683.702231,19615.457463
1665.632115,-2451.505594,-24204.734303,16210.510130
1665.632432,-7507.735880,-28349.887579,24574.837274
1665.632749,-10725.336972,-28127.825796,37676.482448
1665.633066,-8350.440928,-13249.686362,35159.782245
1665.633384,-5515.887586,592.164754,20355.663405
1665.633701,-1685.410096,7846.182985,8512.368333
1665.634018,-689.485948,24574.837274,2886.803174
1665.634336,1915.238745,29682.258274,-7846.182985
1665.634653,2757.943793,27165.558071,-4367.215058
1665.634970,3064.381992,22280.198854,-8290.306550
1665.635288,4979.620737,17468.860231,-13027.624579
1665.635605,-2681.334243,-814.226536,-9178.553681
1665.635922,-5209.449386,-17024.736666,12509.480420
1665.636239,-7354.516781,-30792.567187,24204.734303
1665.636557,-4903.011187,-30866.587781,26129.269753
1665.636874,-5822.325785,-29756.278868,28794.011144
1665.637191,-9422.974625,-21688.034101,34123.493926
1665.637509,-8963.317327,-17542.880825,36196.070564
1665.637826,-2145.067394,-0.000000,23612.569550
1665.638143,3370.820191,14656.077652,9252.574275
1665.638461,1532.190996,27535.661042,-4441.235652
1665.638778,5132.839837,30200.402434,-12805.562797
1665.639095,4290.134789,23464.528361,-10658.965565
1665.639412,5439.278036,16284.530724,-9178.553681
1665.639730,3524.039291,8068.244768,-12953.603985
1665.640047,536.266849,-6587.832884,-1332.370696
1665.640364,-4903.011187,-23908.651927,16950.716072
1665.640682,-3907.087040,-35307.823433,23464.528361
1665.640999,-3600.648841,-29312.155303,22502.260637
1665.641316,-1225.752797,-28868.031738,28868.031738
1665.641634,-5056.230287,-18579.169144,27609.681637
1665.641951,-4903.011187,-4959.379811,25463.084405
1665.642268,306.438199,4737.318029,14285.974681
1665.642586,-1608.800546,12805.562797,-2812.782580
1665.642903,1532.190996,20947.828159,-2220.617826
1665.643220,-766.095498,22872.363608,-11843.295072
1665.643537,1378.971896,17172.777854,-14137.933492
1665.643855,2298.286494,4367.215058,-4589.276840
1665.644172,689.485948,-1702.473667,2960.823768
1665.644489,-4290.134789,-4219.173869,2368.659014
1665.644807,-2757.943793,-24574.837274,27091.537477
1665.645124,-7584.345430,-30422.464216,25685.146187
1665.645441,-5745.716235,-20651.745782,22576.281231
1665.645759,-3217.601092,-18653.189738,21614.013506
1665.646076,-6281.983084,-12435.459826,19911.539840
1665.646393,-1685.410096,-1332.370696,16580.613101
1665.646710,459.657299,11029.068536,4071.132681
1665.647028,1455.581446,9770.718434,2590.720797
1665.647345,-2451.505594,13545.768739,-7994.224174
1665.647662,-1762.019645,12657.521608,-7920.203579
1665.647980,153.219100,7624.121203,-4737.318029
1665.648297,-1685.410096,-888.247130,3627.009116
1665.648614,306.438199,-6069.688724,10881.027347
1665.648932,-2298.286494,-6069.688724,11917.315666
1665.649249,-383.047749,-13101.645173,19911.539840
1665.649566,-306.438199,-11029.068536,20577.725188
1665.649883,1838.629195,-8808.450710,18949.272115
1665.650201,-842.705048,-7772.162391,13323.706956
1665.650518,-1685.410096,-5551.544565,12953.603985
1665.650835,1072.533697,1480.411884,13767.830521
1665.651153,-153.219100,4071.132681,5773.606348
1665.651470,1915.238745,2590.720797,6365.771101
1665.651787,-1915.238745,8956.491898,-1258.350101
1665.652105,-2834.553343,7031.956449,0.000000
1665.652422,-2911.162892,4441.235652,666.185348
1665.652739,-2604.724693,-1332.370696,7105.977043
1665.653056,-2145.067394,-1924.535449,10881.027347
1665.653374,-4136.915689,-4293.194464,10955.047942
1665.653691,-2068.457845,-9696.697840,21614.013506
1665.654008,-2145.067394,-7402.059420,18727.210333
1665.654326,1915.238745,-8512.368333,17172.777854
1665.654643,842.705048,-5551.544565,11399.171507
1665.654960,0.000000,-592.164754,11769.274478
1665.655278,1685.410096,3478.967927,10658.965565
1665.655595,1072.533697,7179.997637,2886.803174
1665.655912,2604.724693,6957.935855,3330.926739
1665.656230,-1302.362347,8660.409521,-962.267725
1665.656547,-2451.505594,5033.400406,2442.679609
1665.656864,-4903.011187,444.123565,2664.741391
1665.657181,-3447.429741,-6217.729913,14285.974681
1665.657499,-3983.696590,-7772.162391,16210.510130
1665.657816,-4979.620737,-9178.553681,16580.613101
1665.658133,-4060.306139,-8808.450710,17912.983796
1665.658451,-4366.744339,-5255.462188,16358.551318
1665.658768,-766.095498,-3256.906145,13915.871710
1665.659085,76.609550,2146.597232,7846.182985
1665.659403,612.876398,3923.091493,8882.471304
1665.659720,0.000000,5995.668130,6365.771101
1665.660037,0.000000,5921.647536,6365.771101
1665.660354,-536.266849,3256.906145,6365.771101
1665.660672,-1378.971896,444.123565,9844.739029
1665.660989,-2451.505594,-3034.844362,8364.327145
1665.661306,-3294.210641,-4293.194464,8364.327145
1665.661624,-1838.629195,-6735.874072,12287.418637
1665.661941,-1225.752797,-9178.553681,15174.221811
1665.662258,153.219100,-9622.677246,15840.407159
1665.662576,229.828649,-5625.565159,13249.686362
1665.662893,919.314598,-1480.411884,9696.697840
1665.663210,1302.362347,1554.432478,6957.935855
1665.663527,1915.238745,1998.556043,6957.935855
1665.663845,1991.848295,2442.679609,6143.709319
1665.664162,383.047749,3478.967927,5477.523971
1665.664479,-612.876398,2368.659014,5847.626942
1665.664797,-919.314598,-1258.350101,7254.018232
1665.665114,-842.705048,-5107.421000,7994.224174
1665.665431,-1455.581446,-6513.812290,9918.759623
1665.665748,-2757.943793,-7550.100608,11991.336260
1665.666066,-3447.429741,-8882.471304,14656.077652
1665.666383,-2604.724693,-8882.471304,15766.386565
1665.666700,-3064.381992,-4737.318029,14285.974681
1665.667018,-1991.848295,-814.226536,11399.171507
1665.667335,-1762.019645,2368.659014,6587.832884
1665.667652,-842.705048,2812.782580,4293.194464
1665.667969,76.609550,1258.350101,5033.400406
1665.668287,612.876398,370.102971,5995.668130
1665.668604,459.657299,-592.164754,4811.338623
1665.668921,-766.095498,-3256.906145,6513.812290
1665.669238,-2298.286494,-6143.709319,7105.977043
1665.669556,-2987.772442,-6957.935855,7920.203579
1665.669873,-4213.525239,-6217.729913,8734.430116
1665.670190,-5132.839837,-7402.059420,11325.150913
1665.670508,-5132.839837,-7698.141797,13767.830521
1665.670825,-5362.668486,-6735.874072,14211.954086
1665.671142,-3983.696590,-4885.359217,13767.830521
1665.671459,-3677.258390,-2960.823768,12139.377449
1665.671777,-1532.190996,-222.061783,9992.780217
1665.672094,306.438199,1628.453072,6661.853478
1665.672411,1302.362347,3404.947333,5255.462188
1665.672728,2528.115143,3404.947333,5551.544565
1665.673046,2221.676944,2664.741391,4441.235652
1665.673363,1915.238745,444.123565,4737.318029
1665.673680,689.485948,-2368.659014,5625.565159
1665.673998,-1149.143247,-4959.379811,7698.141797
1665.674315,-1455.581446,-7179.997637,9992.780217
1665.674632,-2145.067394,-7846.182985,12361.439231
1665.674949,-2145.067394,-7105.977043,13545.768739
1665.675267,-1991.848295,-4663.297435,12731.542202
1665.675584,-1991.848295,-2220.617826,11251.130318
1665.675901,-1378.971896,-0.000000,9844.739029
1665.676218,-1072.533697,1850.514855,8364.327145
1665.676536,-919.314598,2738.761985,8068.244768
1665.676853,-842.705048,2072.576638,8734.430116
1665.677170,-766.095498,666.185348,10510.924376
1665.677488,-1302.362347,-0.000000,10288.862594
1665.677805,-1072.533697,-1554.432478,10140.821405
1665.678122,-1149.143247,-2442.679609,9474.636058
1665.678439,-689.485948,-3478.967927,9178.553681
1665.678757,-306.438199,-3330.926739,9474.636058
1665.679074,153.219100,-3552.988522,9844.739029
1665.679391,459.657299,-3775.050304,10807.006753
1665.679708,0.000000,-3182.885551,11029.068536
1665.680026,-995.924147,-2220.617826,10807.006753
1665.680343,-1685.410096,-814.226536,10214.842000
1665.680660,-2221.676944,-0.000000,10066.800811
1665.680978,-2221.676944,518.144159,10066.800811
1665.681295,-2528.115143,1184.329507,10362.883188
1665.681612,-2451.505594,592.164754,10584.944971
1665.681929,-2068.457845,-518.144159,10955.047942
1665.682247,-1302.362347,-1776.494261,10066.800811
1665.682564,-766.095498,-2516.700203,10288.862594
1665.682881,-306.438199,-2442.679609,9400.615463
1665.683198,383.047749,-2812.782580,9770.718434
1665.683516,1149.143247,-2368.659014,10362.883188
1665.683833,842.705048,-740.205942,10214.842000
1665.684150,919.314598,1332.370696,9104.533087
1665.684468,612.876398,2220.617826,8438.347739
1665.684785,0.000000,2072.576638,7476.080014
1665.685102,-306.438199,1924.535449,7994.224174
1665.685419,-766.095498,1332.370696,8364.327145
1665.685737,-1149.143247,-74.020594,9326.594869
1665.686054,-995.924147,-888.247130,9474.636058
1665.686371,-995.924147,-2146.597232,8882.471304
1665.686688,-766.095498,-2738.761985,9326.594869
1665.687006,-612.876398,-3256.906145,9178.553681
1665.687323,-536.266849,-3478.967927,9474.636058
1665.687640,-306.438199,-3182.885551,9622.677246
1665.687958,-689.485948,-1480.411884,9178.553681
1665.688275,-76.609550,-74.020594,8808.450710
1665.688592,306.438199,666.185348,8216.285956
1665.688909,229.828649,592.164754,7772.162391
1665.689227,306.438199,370.102971,7179.997637
1665.689544,0.000000,444.123565,7624.121203
1665.689861,383.047749,-740.205942,8586.388927
1665.690178,-153.219100,-1776.494261,9474.636058
1665.690496,-306.438199,-2442.679609,9696.697840
1665.690813,-766.095498,-2516.700203,9918.759623
1665.691130,-1225.752797,-2960.823768,9844.739029
1665.691448,-766.095498,-2812.782580,9104.533087
1665.691765,-153.219100,-1776.494261,7994.224174
1665.692082,-766.095498,-1332.370696,7402.059420
1665.692399,-842.705048,-1406.391290,7920.203579
1665.692717,-1225.752797,-1628.453072,7920.203579
1665.693034,-1838.629195,-1850.514855,8438.347739
1665.693351,-2451.505594,-1184.329507,8586.388927
1665.693668,-2451.505594,-1776.494261,9252.574275
1665.693986,-2681.334243,-1924.535449,10510.924376
1665.694303,-2528.115143,-2146.597232,11473.192101
1665.694620,-2451.505594,-1850.514855,12213.398043
1665.694938,-1991.848295,-1332.370696,11547.212695
1665.695255,-1072.533697,-888.247130,10584.944971
1665.695572,0.000000,-444.123565,8882.471304
1665.695889,689.485948,-296.082377,7994.224174
1665.696207,1149.143247,-888.247130,7624.121203
1665.696524,1149.143247,-1554.432478,7402.059420
1665.696841,612.876398,-1702.473667,8068.244768
1665.697158,0.000000,-2368.659014,8438.347739
1665.697476,-383.047749,-2368.659014,8956.491898
1665.697793,-842.705048,-3256.906145,9548.656652
1665.698110,-1991.848295,-3849.070898,10807.006753
1665.698428,-2757.943793,-3775.050304,12139.377449
1665.698745,-2604.724693,-2590.720797,12879.583391
1665.699062,-2451.505594,-1258.350101,11769.274478
1665.699379,-2528.115143,-370.102971,11621.233289
1665.699697,-2528.115143,-222.061783,11029.068536
1665.700014,-3064.381992,-148.041188,10288.862594
1665.700331,-2834.553343,-1332.370696,10732.986159
1665.700648,-2987.772442,-1258.350101,10436.903782
1665.700966,-2834.553343,-1332.370696,10584.944971
1665.701283,-3294.210641,-1850.514855,11029.068536
1665.701600,-3447.429741,-2886.803174,11621.233289
1665.701918,-3217.601092,-3182.885551,11843.295072
1665.702235,-3140.991542,-3256.906145,11473.192101
1665.702552,-3447.429741,-3108.864956,10807.006753
1665.702869,-3217.601092,-2072.576638,9622.677246
1665.703187,-3294.210641,-1554.432478,9030.512492
1665.703504,-3753.867940,-1850.514855,9178.553681
1665.703821,-4979.620737,-2368.659014,9696.697840
1665.704138,-4519.963438,-3034.844362,10807.006753
1665.704456,-4903.011187,-3404.947333,10955.047942
1665.704773,-4903.011187,-2738.761985,10732.986159
1665.705090,-4136.915689,-2590.720797,10584.944971
1665.705408,-3447.429741,-2072.576638,10584.944971
1665.705725,-2451.505594,-2294.638420,10436.903782
1665.706042,-1762.019645,-1924.535449,9696.697840
1665.706359,-1532.190996,-2220.617826,8734.430116
1665.706677,-1455.581446,-1998.556043,7994.224174
1665.706994,-689.485948,-2368.659014,8364.327145
1665.707311,-1991.848295,-2738.761985,7698.141797
1665.707628,-1838.629195,-3849.070898,9474.636058
1665.707946,-2528.115143,-3923.091493,9770.718434
1665.708263,-2451.505594,-3849.070898,10066.800811
1665.708580,-2757.943793,-4145.153275,9474.636058
1665.708898,-2374.896044,-3034.844362,9178.553681
1665.709215,-1072.533697,-3775.050304,9252.574275
1665.709532,-1072.533697,-4071.132681,9030.512492
1665.709849,-306.438199,-4145.153275,8956.491898
1665.710167,306.438199,-3923.091493,9474.636058
1665.710484,459.657299,-4071.132681,9104.533087
1665.710801,536.266849,-4219.173869,9178.553681
1665.711118,306.438199,-4293.194464,9400.615463
1665.711436,459.657299,-3256.906145,8586.388927
1665.711753,1225.752797,-2886.803174,8068.244768
1665.712070,1225.752797,-2886.803174,8808.450710
1665.712388,1378.971896,-2664.741391,8956.491898
1665.712705,1378.971896,-2738.761985,8216.285956
1665.713022,459.657299,-2220.617826,7846.182985
1665.713339,842.705048,-2664.741391,8216.285956
1665.713657,-536.266849,-2516.700203,7254.018232
1665.713974,-766.095498,-2960.823768,7476.080014
1665.714291,-1915.238745,-3256.906145,8512.368333
1665.714608,-3064.381992,-4071.132681,9474.636058
1665.714926,-2757.943793,-4367.215058,10584.944971
1665.715243,-3140.991542,-3701.029710,10584.944971
1665.715560,-2911.162892,-3701.029710,10288.862594
1665.715878,-2221.676944,-3330.926739,10288.862594
1665.716195,-1608.800546,-2590.720797,9474.636058
1665.716512,-919.314598,-1184.329507,9326.594869
1665.716829,-536.266849,962.267725,8364.327145
1665.717147,229.828649,1924.535449,7550.100608
1665.717464,612.876398,2442.679609,6661.853478
1665.717781,229.828649,888.247130,7402.059420
1665.718098,0.000000,-518.144159,8586.388927
1665.718416,-459.657299,-666.185348,9326.594869
1665.718733,-612.876398,-518.144159,9030.512492
1665.719050,-842.705048,-74.020594,8290.306550
1665.719368,-842.705048,-148.041188,8882.471304
1665.719685,-1225.752797,-444.123565,9696.697840
1665.720002,-1608.800546,-814.226536,9474.636058
1665.720319,-2145.067394,-74.020594,8734.430116
1665.720637,-2987.772442,222.061783,9474.636058
1665.720954,-3217.601092,-0.000000,10140.821405
1665.721271,-4213.525239,-518.144159,11547.212695
1665.721588,-4749.792088,-1110.308913,12065.356855
1665.721906,-5362.668486,-1480.411884,12731.542202
1665.722223,-4903.011187,-740.205942,12805.562797
1665.722540,-3907.087040,-74.020594,12361.439231
1665.722858,-2298.286494,518.144159,11325.150913
1665.723175,-1991.848295,-0.000000,11473.192101
1665.723492,-1149.143247,-370.102971,11473.192101
1665.723809,306.438199,-592.164754,10510.924376
1665.724127,689.485948,-0.000000,9474.636058
1665.724444,919.314598,74.020594,9030.512492
1665.724761,536.266849,444.123565,9326.594869
1665.725078,229.828649,592.164754,8734.430116
1665.725396,-306.438199,-0.000000,8586.388927
1665.725713,-1302.362347,-888.247130,10436.903782
1665.726030,-1991.848295,-2294.638420,11399.171507
1665.726348,-2068.457845,-2368.659014,11917.315666
1665.726665,-2681.334243,-2664.741391,12435.459826
1665.726982,-1991.848295,-3108.864956,13101.645173
1665.727299,-1149.143247,-2664.741391,11917.315666
1665.727617,-153.219100,-962.267725,10955.047942
1665.727934,689.485948,-296.082377,11103.089130
1665.728251,842.705048,-444.123565,10362.883188
1665.728568,1685.410096,592.164754,8882.471304
1665.728886,1762.019645,1332.370696,7772.162391
1665.729203,1608.800546,740.205942,7105.977043
1665.729520,1302.362347,-666.185348,5995.668130
1665.729838,536.266849,-1924.535449,6957.935855
1665.730155,0.000000,-3404.947333,8290.306550
1665.730472,-1302.362347,-4367.215058,8512.368333
1665.730789,-1915.238745,-4589.276840,9474.636058
1665.731107,-2451.505594,-4589.276840,10436.903782
1665.731424,-2451.505594,-4663.297435,11769.274478
1665.731741,-2834.553343,-4811.338623,11769.274478
1665.732058,-2374.896044,-3923.091493,12139.377449
1665.732376,-1455.581446,-2368.659014,10955.047942
1665.732693,-383.047749,-1554.432478,9696.697840
1665.733010,689.485948,-1332.370696,8660.409521
1665.733328,1455.581446,-370.102971,6291.750507
1665.733645,1455.581446,-1554.432478,4441.235652
1665.733962,1532.190996,-2886.803174,4737.318029
1665.734279,1149.143247,-3182.885551,5699.585753
1665.734597,383.047749,-4145.153275,5329.482782
1665.734914,-995.924147,-5477.523971,7105.977043
1665.735231,-2068.457845,-6291.750507,9474.636058
1665.735548,-3524.039291,-5403.503377,10214.842000
1665.735866,-2911.162892,-5551.544565,10732.986159
1665.736183,-2221.676944,-5551.544565,11991.336260
1665.736500,-3064.381992,-4071.132681,10732.986159
1665.736818,-1685.410096,-2516.700203,10436.903782
1665.737135,-842.705048,-888.247130,7254.018232
1665.737452,383.047749,148.041188,6735.874072
1665.737769,459.657299,-666.185348,5625.565159
1665.738087,229.828649,-444.123565,5699.585753
1665.738404,459.657299,-1628.453072,5921.647536
1665.738721,-536.266849,-2146.597232,7254.018232
1665.739038,76.609550,-2368.659014,9030.512492
1665.739356,-1149.143247,-3552.988522,9474.636058
1665.739673,-842.705048,-2590.720797,10658.965565
1665.739990,-766.095498,-2590.720797,11547.212695
1665.740308,-536.266849,-962.267725,10510.924376
1665.740625,383.047749,1332.370696,9548.656652
1665.740942,612.876398,2294.638420,8882.471304
1665.741259,459.657299,2738.761985,8808.450710
1665.741577,536.266849,1258.350101,8660.409521
1665.741894,-383.047749,-296.082377,8734.430116
1665.742211,-536.266849,-666.185348,9696.697840
1665.742528,-1072.533697,-1850.514855,9548.656652
1665.742846,-689.485948,-1924.535449,9770.718434
1665.743163,-383.047749,-1702.473667,9622.677246
1665.743480,0.000000,-1628.453072,10955.047942
1665.743798,0.000000,-814.226536,11103.089130
1665.744115,383.047749,-296.082377,12139.377449
1665.744432,153.219100,1776.494261,11325.150913
1665.744749,536.266849,2516.700203,11399.171507
1665.745067,1302.362347,2072.576638,12435.459826
1665.745384,766.095498,2442.679609,11991.336260
1665.745701,459.657299,2442.679609,11917.315666
1665.746018,1072.533697,2738.761985,11177.109724
1665.746336,2068.457845,2664.741391,9918.759623
1665.746653,2451.505594,1406.391290,10214.842000
1665.746970,2451.505594,962.267725,8956.491898
1665.747288,2451.505594,666.185348,7994.224174
1665.747605,2451.505594,74.020594,9030.512492
1665.747922,2221.676944,-222.061783,9696.697840
1665.748239,1302.362347,740.205942,10140.821405
1665.748557,383.047749,1924.535449,11103.089130
1665.748874,306.438199,1480.411884,12435.459826
1665.749191,-689.485948,1110.308913,13027.624579
1665.749508,0.000000,518.144159,13915.871710
1665.749826,229.828649,1258.350101,13027.624579
1665.750143,919.314598,2294.638420,11769.274478
1665.750460,1685.410096,2812.782580,10510.924376
1665.750778,2987.772442,3256.906145,7920.203579
1665.751095,3370.820191,3034.844362,6069.688724
1665.751412,3600.648841,1480.411884,6883.915261
1665.751729,2374.896044,1036.288319,6291.750507
1665.752047,2298.286494,666.185348,5921.647536
1665.752364,1225.752797,-592.164754,7624.121203
1665.752681,-229.828649,-2072.576638,9252.574275
1665.752998,-995.924147,-2738.761985,11029.068536
1665.753316,-1455.581446,-2294.638420,11917.315666
1665.753633,-995.924147,-1480.411884,12805.562797
1665.753950,-229.828649,-148.041188,12435.459826
1665.754268,383.047749,1406.391290,11177.109724
1665.754585,1838.629195,3108.864956,9400.615463
1665.754902,2604.724693,3997.112087,7402.059420
1665.755219,3217.601092,3923.091493,5773.606348
1665.755537,3370.820191,3034.844362,4367.215058
1665.755854,3140.991542,2368.659014,3775.050304
1665.756171,2757.943793,518.144159,4959.379811
1665.756488,1685.410096,-962.267725,6291.750507
1665.756806,306.438199,-2442.679609,7698.141797
1665.757123,-153.219100,-2812.782580,9252.574275
1665.757440,-1149.143247,-2442.679609,10288.862594
1665.757758,-1838.629195,-2294.638420,11991.336260
1665.758075,-1838.629195,-1184.329507,12287.418637
1665.758392,-1838.629195,518.144159,11473.192101
1665.758709,-1225.752797,1924.535449,10955.047942
1665.759027,-383.047749,3627.009116,9400.615463
1665.759344,306.438199,3552.988522,7846.182985
1665.759661,1225.752797,1998.556043,7624.121203
1665.759979,1225.752797,1406.391290,6217.729913
1665.760296,1685.410096,-0.000000,6883.915261
1665.760613,1685.410096,-1110.308913,6735.874072
1665.760930,842.705048,-1480.411884,6217.729913
1665.761248,1532.190996,-2812.782580,8512.368333
1665.761565,229.828649,-2886.803174,9326.594869
1665.761882,0.000000,-2664.741391,10140.821405
1665.762199,-1072.533697,-1184.329507,11621.233289
1665.762517,-1608.800546,-444.123565,12657.521608
1665.762834,-1378.971896,888.247130,12139.377449
1665.763151,-1608.800546,1628.453072,11695.253884
1665.763469,-766.095498,1998.556043,11991.336260
1665.763786,383.047749,1702.473667,10584.944971
1665.764103,1378.971896,2072.576638,9548.656652
1665.764420,2987.772442,1332.370696,8808.450710
1665.764738,3830.477490,666.185348,8512.368333
1665.765055,3677.258390,740.205942,7031.956449
1665.765372,3600.648841,-444.123565,7624.121203
1665.765689,2451.505594,-444.123565,8068.244768
1665.766006,2604.724693,-814.226536,9326.594869
1665.766323,919.314598,-296.082377,9548.656652
1665.766641,-229.828649,-518.144159,11695.253884
1665.766958,-995.924147,-370.102971,12953.603985
1665.767275,-995.924147,-0.000000,14137.933492
1665.767593,-306.438199,740.205942,13915.871710
1665.767910,229.828649,1184.329507,13471.748144
1665.768227,383.047749,2738.761985,11547.212695
1665.768545,1991.848295,2960.823768,9844.739029
1665.768862,3370.820191,4219.173869,7031.956449
1665.769179,3983.696590,2664.741391,6069.688724
1665.769497,3677.258390,1184.329507,5551.544565
1665.769814,2451.505594,148.041188,4959.379811
1665.770131,1685.410096,-1480.411884,7031.956449
1665.770448,536.266849,-3182.885551,9548.656652
1665.770766,-766.095498,-3034.844362,10362.883188
1665.771083,-1608.800546,-2516.700203,11843.295072
1665.771400,-2221.676944,-1258.350101,13693.809927
1665.771718,-1225.752797,-296.082377,14582.057057
1665.772035,0.000000,1702.473667,12139.377449
1665.772352,1072.533697,3849.070898,9548.656652
1665.772670,1532.190996,5625.565159,9400.615463
1665.772987,3217.601092,5033.400406,8364.327145
1665.773304,3447.429741,5847.626942,4145.153275
1665.773622,4596.572988,3330.926739,4589.276840
1665.773939,3370.820191,2072.576638,4885.359217
1665.774256,2757.943793,-0.000000,5107.421000
1665.774574,2374.896044,-1998.556043,7920.203579
1665.774891,842.705048,-2960.823768,8512.368333
1665.775208,-229.828649,-3701.029710,9918.759623
1665.775526,-1149.143247,-2812.782580,11325.150913
1665.775843,-2221.676944,-2664.741391,12435.459826
1665.776160,-1991.848295,-592.164754,13545.768739
1665.776478,-689.485948,888.247130,13249.686362
1665.776795,-1915.238745,4219.173869,8438.347739
1665.777112,383.047749,4663.297435,10214.842000
1665.777429,153.219100,5181.441594,8512.368333
1665.777747,1991.848295,4293.194464,6809.894666
1665.778064,2528.115143,2516.700203,4959.379811
1665.778381,2374.896044,1332.370696,6365.771101
1665.778699,1302.362347,-814.226536,5699.585753
1665.779016,1532.190996,-2886.803174,8438.347739
1665.779333,383.047749,-4293.194464,8438.347739
1665.779651,-229.828649,-4367.215058,9474.636058
1665.779968,-3140.991542,-3997.112087,11029.068536
1665.780285,-3753.867940,-2368.659014,13027.624579
1665.780603,-2911.162892,-444.123565,15174.221811
1665.780920,-1532.190996,1406.391290,14211.954086
1665.781237,-536.266849,3034.844362,10732.986159
1665.781555,0.000000,4515.256246,10807.006753
1665.781872,995.924147,5181.441594,11547.212695
1665.782189,3217.601092,6809.894666,6809.894666
1665.782507,6128.763984,7031.956449,4071.132681
1665.782824,6741.640382,4737.318029,3849.070898
1665.783141,4826.401637,2442.679609,2960.823768
1665.783459,5056.230287,-1998.556043,8882.471304
1665.783776,2757.943793,-2590.720797,7698.141797
1665.784093,1991.848295,-4663.297435,8956.491898
1665.784411,-306.438199,-5107.421000,11917.315666
1665.784728,-3064.381992,-4589.276840,14656.077652
1665.785045,-2068.457845,-2442.679609,17320.819043
1665.785362,-1149.143247,-1406.391290,17912.983796
1665.785680,-306.438199,2294.638420,12287.418637
1665.785997,1302.362347,5107.421000,13027.624579
1665.786314,1685.410096,8734.430116,9844.739029
1665.786632,4826.401637,8808.450710,6143.709319
1665.786949,6894.859482,9104.533087,2664.741391
1665.787266,6435.202183,6439.791695,2146.597232
1665.787584,4443.353888,2738.761985,2516.700203
1665.787901,2757.943793,-2590.720797,7550.100608
1665.788218,1225.752797,-6513.812290,9992.780217
1665.788536,153.219100,-8586.388927,10955.047942
1665.788853,-2068.457845,-8808.450710,13693.809927
1665.789170,-3830.477490,-7402.059420,15396.283594
1665.789488,-3217.601092,-4219.173869,17690.922014
1665.789805,-612.876398,-1850.514855,17172.777854
1665.790122,0.000000,2516.700203,12731.542202
1665.790440,2298.286494,6439.791695,11547.212695
1665.790757,1685.410096,10732.986159,6809.894666
1665.791074,4826.401637,11843.295072,4663.297435
1665.791392,7354.516781,11843.295072,1406.391290
1665.791709,7431.126331,7031.956449,666.185348
1665.792026,5286.058936,3182.885551,0.000000
1665.792343,2604.724693,-1776.494261,6957.935855
1665.792661,1915.238745,-6143.709319,8808.450710
1665.792978,612.876398,-8216.285956,9104.533087
1665.793295,-766.095498,-9770.718434,12139.377449
1665.793613,-4979.620737,-8956.491898,12879.583391
1665.793930,-4903.011187,-5995.668130,17024.736666
1665.794247,-3064.381992,-2664.741391,16580.613101
1665.794565,-2298.286494,1628.453072,11695.253884
1665.794882,-766.095498,3849.070898,11695.253884
1665.795199,-2528.115143,9030.512492,6809.894666
1665.795517,383.047749,9696.697840,6661.853478
1665.795834,1991.848295,12065.356855,2368.659014
1665.796151,3370.820191,8290.306550,1332.370696
1665.796469,2528.115143,5921.647536,0.000000
1665.796786,-306.438199,-148.041188,5921.647536
1665.797103,-459.657299,-8290.306550,10658.965565
1665.797421,-2451.505594,-10288.862594,9474.636058
1665.797738,-1532.190996,-13915.871710,14730.098246
1665.798055,-6818.249932,-12213.398043,12435.459826
1665.798373,-5898.935335,-9770.718434,18727.210333
1665.798690,-4443.353888,-4737.318029,18801.230927
1665.799007,-3677.258390,-74.020594,12805.562797
1665.799325,-383.047749,2442.679609,13397.727550
1665.799642,-2604.724693,7846.182985,6883.915261
1665.799959,1225.752797,10807.006753,7328.038826
1665.800276,4749.792088,12361.439231,3182.885551
1665.800594,7354.516781,11769.274478,-1110.308913
1665.800911,7048.078582,8438.347739,-2294.638420
1665.801228,5592.497135,-296.082377,4885.359217
1665.801546,3830.477490,-7698.141797,8734.430116
1665.801863,2834.553343,-10732.986159,9548.656652
1665.802180,1378.971896,-16284.530724,15692.365970
1665.802498,-4213.525239,-15100.201217,14285.974681
1665.802815,-4749.792088,-12065.356855,19023.292709
1665.803132,-3140.991542,-5773.606348,20799.786970
1665.803450,-2145.067394,-2368.659014,17024.736666
1665.803767,1762.019645,2960.823768,12435.459826
1665.804084,1685.410096,8142.265362,10658.965565
1665.804402,2604.724693,13841.851115,5107.421000
1665.804719,9346.365076,13619.789333,5699.585753
1665.805036,10495.508323,16284.530724,-4367.215058
1665.805354,9652.803275,9844.739029,-2368.659014
1665.805671,8580.269578,3701.029710,-2664.741391
1665.805988,4366.744339,-4737.318029,6069.688724
1665.806306,4136.915689,-12953.603985,12953.603985
1665.806623,76.609550,-18135.045579,13249.686362
1665.806940,-3600.648841,-18727.210333,15766.386565
1665.807257,-7048.078582,-14211.954086,18505.148550
1665.807575,-3370.820191,-9622.677246,23390.507767
1665.807892,-2681.334243,-3404.947333,15470.304188
1665.808209,0.000000,222.061783,15988.448347
1665.808527,1838.629195,6143.709319,12879.583391
1665.808844,0.000000,16284.530724,3404.947333
1665.809161,7890.783629,17616.901420,5181.441594
1665.809479,8656.879127,19615.457463,-1850.514855
1665.809796,7277.907231,15026.180623,-7476.080014
1665.810113,7354.516781,9992.780217,-1480.411884
1665.810431,689.485948,148.041188,4441.235652
1665.810748,2451.505594,-11547.212695,14730.098246
1665.811065,0.000000,-14952.160028,13249.686362
1665.811383,-3370.820191,-18949.272115,15174.221811
1665.811700,-8656.879127,-17098.757260,15100.201217
1665.812017,-7584.345430,-11621.233289,21243.910535
1665.812335,-5209.449386,-4145.153275,18949.272115
1665.812652,-4060.306139,962.267725,13619.789333
1665.812969,-3294.210641,3404.947333,12435.459826
1665.813287,-7660.954980,12583.501014,6587.832884
1665.813604,-2145.067394,18209.066173,8068.244768
1665.813921,1149.143247,18579.169144,2220.617826
1665.814239,5592.497135,17764.942608,-2368.659014
1665.814556,3600.648841,16580.613101,-5107.421000
1665.814873,383.047749,11103.089130,-7328.038826
1665.815190,3830.477490,-5477.523971,18357.107362
1665.815508,0.000000,-11917.315666,16062.468941
1665.815825,-229.828649,-17764.942608,13027.624579
1665.816142,-7354.516781,-18653.189738,13101.645173
1665.816460,-13023.623466,-17172.777854,20207.622217
1665.816777,-7277.907231,-13397.727550,25092.981434
1665.817094,-5439.278036,-4367.215058,15840.407159
1665.817412,-1991.848295,-2072.576638,16580.613101
1665.817729,-5286.058936,6217.729913,12139.377449
1665.818046,-4673.182538,16136.489536,5847.626942
1665.818364,5286.058936,17987.004391,7179.997637
1665.818681,7737.564530,20725.766376,-2220.617826
1665.818998,10495.508323,17098.757260,2294.638420
1665.819316,9882.631924,13989.892304,-8882.471304
1665.819633,11261.603821,3404.947333,-7698.141797
1665.819950,12104.308868,-11251.130318,18801.230927
1665.820268,6435.202183,-18653.189738,18801.230927
1665.820585,842.705048,-24056.693115,11621.233289
1665.820902,-5286.058936,-21762.054695,15100.201217
1665.821220,-9039.926876,-14137.933492,22798.343014
1665.821537,-4673.182538,-10436.903782,20799.786970
1665.821854,-2834.553343,-8142.265362,18283.086767
1665.822172,459.657299,-3182.885551,17468.860231
1665.822489,-2987.772442,10510.924376,9178.553681
1665.822806,2834.553343,19763.498651,3330.926739
1665.823123,11797.870669,16210.510130,8364.327145
1665.823441,7890.783629,21169.889941,148.041188
1665.823758,13483.280765,14137.933492,-222.061783
1665.824075,10035.851024,11177.109724,-14730.098246
1665.824393,9039.926876,-814.226536,-3256.906145
1665.824710,13942.938064,-13397.727550,19911.539840
1665.825027,612.876398,-18727.210333,6439.791695
1665.825345,-1608.800546,-25241.022622,16876.695478
1665.825662,-8656.879127,-17764.942608,17246.798449
1665.825979,-8044.002729,-17172.777854,20133.601622
1665.826297,-5975.544884,-10658.965565,15100.201217
1665.826614,-4213.525239,-5773.606348,21021.848753
1665.826931,-4366.744339,-296.082377,12731.542202
1665.827249,-4596.572988,14285.974681,3182.885551
1665.827566,4673.182538,15988.448347,11843.295072
1665.827883,4136.915689,24130.713709,1776.494261
1665.828201,5439.278036,22872.363608,-5403.503377
1665.828518,8120.612279,17394.839637,-4145.153275
1665.828835,5745.716235,8956.491898,-9474.636058
1665.829153,4443.353888,962.267725,5107.421000
1665.829470,7354.516781,-15692.365970,13101.645173
1665.829787,-2374.896044,-16876.695478,10436.903782
1665.830104,-6741.640382,-22280.198854,15914.427753
1665.830422,-10878.556072,-17468.860231,13915.871710
1665.830739,-8810.098227,-14434.015869,15692.365970
1665.831056,-7967.393179,-9474.636058,18505.148550
1665.831374,-10878.556072,-9548.656652,19763.498651
1665.831691,-9729.412825,-2516.700203,15618.345376
1665.832008,-7967.393179,15174.221811,6735.874072
1665.832326,536.266849,21465.972318,17690.922014
1665.832643,-229.828649,25241.022622,370.102971
1665.832960,9652.803275,27609.681637,-2368.659014
1665.833278,6435.202183,26277.310941,-11991.336260
1665.833595,10648.727422,12731.542202,-10807.006753
1665.833912,10801.946522,-0.000000,3923.091493
1665.834230,9652.803275,-13175.665768,12065.356855
1665.834547,536.266849,-21243.910535,14508.036463
1665.834864,-11338.213370,-19393.395680,17320.819043
1665.835182,-13483.280765,-22502.260637,19319.375086
1665.835499,-8963.317327,-18727.210333,28127.825796
1665.835816,-9806.022374,-13989.892304,23686.590144
1665.836134,-9806.022374,-9030.512492,21539.992912
1665.836451,-7584.345430,1480.411884,18431.127956
1665.836768,-4443.353888,18357.107362,11399.171507
1665.837086,6741.640382,26055.249158,12139.377449
1665.837403,7814.174080,29830.299463,2664.741391
1665.837720,13176.842566,29090.093521,-6291.750507
1665.838037,14325.985813,21317.931130,-9252.574275
1665.838355,15858.176809,9770.718434,-14137.933492
1665.838672,16547.662757,-3256.906145,5551.544565
1665.838989,13176.842566,-12213.398043,9844.739029
1665.839307,1455.581446,-21836.075289,13471.748144
1665.839624,-7737.564530,-28275.866984,22132.157666
1665.839941,-13100.233016,-21688.034101,21836.075289
1665.840259,-6971.469032,-21317.931130,27313.599260
1665.840576,-5362.668486,-17172.777854,28053.805202
1665.840893,-3447.429741,-4071.132681,25463.084405
1665.841211,-2681.334243,6291.750507,10658.965565
1665.841528,2681.334243,24056.693115,7698.141797
1665.841845,9116.536426,22872.363608,13989.892304
1665.842163,7967.393179,30940.608376,4737.318029
1665.842480,10418.898773,27313.599260,-12657.521608
1665.842797,14402.595362,21539.992912,-9770.718434
1665.843115,12410.747068,7105.977043,-16136.489536
1665.843432,15781.567259,-3997.112087,0.000000
1665.843749,13253.452115,-20799.786970,15840.407159
1665.844067,-5592.497135,-27239.578666,14952.160028
1665.844384,-4673.182538,-25092.981434,20873.807564
1665.844701,-11414.822920,-15988.448347,13915.871710
1665.845018,-8963.317327,-18505.148550,24796.899057
1665.845336,-6205.373534,-20281.642811,30718.546593
1665.845653,-9806.022374,-6735.874072,18801.230927
1665.845970,-6511.811733,1924.535449,17098.757260
1665.846288,-2068.457845,27905.764013,7031.956449
1665.846605,1915.238745,29756.278868,7105.977043
1665.846922,8044.002729,34789.679274,1036.288319
1665.847240,8120.612279,28719.990550,-11473.192101
1665.847557,9806.022374,17838.963202,-12953.603985
1665.847874,7124.688131,3552.988522,-22280.198854
1665.848192,11644.651570,-4441.235652,1998.556043
1665.848509,5439.278036,-16876.695478,12509.480420
1665.848826,-9269.755526,-24722.878463,14211.954086
1665.849144,-11721.261119,-26055.249158,18135.045579
1665.849461,-14096.157163,-12953.603985,15100.201217
1665.849778,-12180.918418,-20725.766376,23908.651927
1665.850096,-12410.747068,-22280.198854,30052.361245
1665.850413,-13866.328514,-14952.160028,22576.281231
1665.850730,-10418.898773,7031.956449,14285.974681
1665.851048,-1685.410096,28053.805202,12361.439231
1665.851365,-689.485948,31976.896694,8734.430116
1665.851682,5975.544884,40045.141462,-3775.050304
1665.852000,12487.356617,30940.608376,-15988.448347
1665.852317,9729.412825,18209.066173,-11103.089130
1665.852634,14938.862211,4515.256246,-13619.789333
1665.852951,12104.308868,-1036.288319,-5773.606348
1665.853269,12257.527968,-20651.745782,15100.201217
1665.853586,-3983.696590,-23094.425390,21021.848753
1665.853903,-10342.289223,-26055.249158,22872.363608
1665.854221,-9269.755526,-21021.848753,23464.528361
1665.854538,-10801.946522,-24722.878463,32346.999665
1665.854855,-5592.497135,-22502.260637,37898.544230
1665.855173,-7124.688131,-3478.967927,18061.024985
1665.855490,-1608.800546,7846.182985,12361.439231
1665.855807,4519.963438,29830.299463,3108.864956
1665.856125,5822.325785,31754.834912,5329.482782
1665.856442,12563.966167,35085.761651,-2368.659014
1665.856759,13330.061665,26203.290347,-11103.089130
1665.857077,16011.395908,16284.530724,-18283.086767
1665.857394,11338.213370,5847.626942,-12805.562797
1665.857711,18999.168350,-13545.768739,17616.901420
1665.858029,1608.800546,-23094.425390,3923.091493
1665.858346,-2145.067394,-31088.649564,21836.075289
1665.858663,-8580.269578,-25981.228564,30052.361245
1665.858981,-13636.499864,-14211.954086,23390.507767
1665.859298,-3524.039291,-23612.569550,32198.958477
1665.859615,-4136.915689,-14359.995275,34937.720462
1665.859933,-4749.792088,-814.226536,14582.057057
1665.860250,1072.533697,20503.704593,11177.109724
1665.860567,5975.544884,27757.722825,3849.070898
1665.860884,5745.716235,30792.567187,3478.967927
1665.861202,11261.603821,33679.370361,-5847.626942
1665.861519,14325.985813,24574.837274,-14804.118840
1665.861836,14249.376263,10658.965565,-22132.157666
1665.862154,8733.488677,1110.308913,-10362.883188
1665.862471,12793.794817,-17690.922014,13989.892304
1665.862788,-4749.792088,-26869.475695,9400.615463
1665.863106,-6665.030833,-28645.969955,21169.889941
1665.863423,-9193.145976,-23094.425390,26425.352129
1665.863740,-14402.595362,-15100.201217,18949.272115
1665.864058,-8427.050478,-20873.807564,23834.631332
1665.864375,-6435.202183,-11917.315666,28497.928767
1665.864692,-9499.584175,-1184.329507,24056.693115
1665.865010,-3064.381992,21021.848753,8956.491898
1665.865327,0.000000,33309.267390,6735.874072
1665.865644,4903.011187,39008.853143,8438.347739
1665.865962,11721.261119,32791.123231,-10140.821405
1665.866279,7201.297681,25685.146187,-24722.878463
1665.866596,12257.527968,10214.842000,-12657.521608
1665.866914,10725.336972,7179.997637,-13397.727550
1665.867231,7507.735880,-12657.521608,6143.709319
1665.867548,-1608.800546,-25981.228564,18209.066173
1665.867865,-13253.452115,-24352.775492,20947.828159
1665.868183,-9806.022374,-27091.537477,29386.175897
1665.868500,-18386.291952,-16358.551318,19245.354492
1665.868817,-9729.412825,-28497.928767,31458.752535
1665.869135,-11414.822920,-18357.107362,30570.505405
1665.869452,-10035.851024,-3997.112087,20355.663405
1665.869769,-2681.334243,15840.407159,10140.821405
1665.870087,-1225.752797,40119.162056,5033.400406
1665.870404,6971.469032,37602.461854,5847.626942
1665.870721,7967.393179,30792.567187,-11695.253884
1665.871039,12257.527968,20503.704593,-14137.933492
1665.871356,15858.176809,9104.533087,-20133.601622
1665.871673,13176.842566,1332.370696,-14878.139434
1665.871990,15858.176809,-18949.272115,13175.665768
1665.872308,-2451.505594,-27387.619854,16802.674883
1665.872625,-5745.716235,-26943.496289,23686.590144
1665.872942,-9806.022374,-21317.931130,27017.516883
1665.873260,-14709.033562,-18653.189738,29460.196492
1665.873577,-7048.078582,-25759.166782,37010.297100
1665.873894,-5286.058936,-8290.306550,28053.805202
1665.874212,-2298.286494,5995.668130,16432.571912
1665.874529,3217.601092,28794.011144,6809.894666
1665.874846,7507.735880,29312.155303,6957.935855
1665.875163,11031.775171,35381.844028,962.267725
1665.875481,12410.747068,27831.743419,-13249.686362
1665.875798,18233.072852,17616.901420,-14434.015869
1665.876115,11797.870669,7179.997637,-28942.052332
1665.876433,17773.415554,-6513.812290,11325.150913
1665.876750,8503.660028,-21984.116477,7846.182985
1665.877067,-5132.839837,-30718.546593,14878.139434
1665.877385,-5592.497135,-30052.361245,32124.937883
1665.877702,-13253.452115,-18949.272115,21317.931130
1665.878019,-6205.373534,-20725.766376,31976.896694
1665.878337,-7431.126331,-14878.139434,30126.381839
1665.878654,-4749.792088,-8068.244768,22724.322419
1665.878971,2068.457845,12213.398043,17690.922014
1665.879288,4213.525239,31088.649564,3552.988522
1665.879606,6588.421283,29238.134709,6883.915261
1665.879923,8810.098227,36418.132346,1332.370696
1665.880240,14019.547613,27017.516883,-16802.674883
1665.880558,15781.567259,15914.427753,-12065.356855
1665.880875,11031.775171,5773.606348,-17912.983796
1665.881192,10955.165621,-7994.224174,-4959.379811
1665.881510,3447.429741,-23686.590144,12879.583391
1665.881827,-10265.679673,-30126.381839,22428.240043
1665.882144,-9576.193725,-28201.846390,28053.805202
1665.882462,-13253.452115,-14878.139434,19023.292709
1665.882779,-11414.822920,-19763.498651,21539.992912
1665.883096,-12027.699319,-20429.683999,29386.175897
1665.883413,-13100.233016,-11325.150913,23020.404796
1665.883731,-7890.783629,7846.182985,17764.942608
1665.884048,-1149.143247,31902.876100,8956.491898
1665.884365,-383.047749,35974.008781,2368.659014
1665.884683,6358.592633,38564.729578,-3182.885551
1665.885000,10112.460574,26277.310941,-15840.407159
1665.885317,7967.393179,12731.542202,-15026.180623
1665.885635,13253.452115,5699.585753,-11621.233289
1665.885952,6435.202183,-4515.256246,-6513.812290
1665.886269,3907.087040,-20429.683999,16580.613101
1665.886587,-8273.831378,-25759.166782,25167.002028
1665.886904,-14249.376263,-27313.599260,21391.951724
1665.887221,-12640.575717,-21169.889941,23760.610738
1665.887538,-14096.157163,-20873.807564,27905.764013
1665.887856,-9193.145976,-22058.137072,33383.287984
1665.888173,-9882.631924,-8734.430116,20577.725188
1665.888490,-3447.429741,9474.636058,11843.295072
1665.888808,1685.410096,28497.928767,11251.130318
1665.889125,3753.867940,33679.370361,2960.823768
1665.889442,9959.241474,33901.432144,-6217.729913
1665.889760,10648.727422,24426.796086,-12583.501014
1665.890077,17773.415554,9918.759623,-13841.851115
1665.890394,15858.176809,6439.791695,-19763.498651
1665.890711,17007.320056,-5921.647536,-814.226536
1665.891029,7354.516781,-24870.919651,17542.880825
1665.891346,-8656.879127,-28423.908173,20725.766376
1665.891663,-7507.735880,-26573.393318,23168.445985
1665.891981,-13866.328514,-19393.395680,18357.107362
1665.892298,-8350.440928,-27165.558071,36344.111752
1665.892615,-4290.134789,-18653.189738,40341.223839
1665.892933,-4443.353888,-5551.544565,16654.633695
1665.893250,1532.190996,13323.706956,10881.027347
1665.893567,6665.030833,23834.631332,12509.480420
1665.893885,6818.249932,33605.349767,2072.576638
1665.894202,14096.157163,37010.297100,-4589.276840
1665.894519,16394.443657,23760.610738,-6957.935855
1665.894836,17160.539155,12953.603985,-21688.034101
1665.895154,14709.033562,4441.235652,-25167.002028
1665.895471,19228.997000,-10140.821405,5107.421000
1665.895788,919.314598,-27091.537477,12509.480420
1665.896106,-7354.516781,-34937.720462,25611.125593
1665.896423,-9729.412825,-27239.578666,23094.425390
1665.896740,-14249.376263,-19097.313304,19837.519246
1665.897058,-10418.898773,-22132.157666,28794.011144
1665.897375,-5669.106685,-18061.024985,35899.988187
1665.897692,-8273.831378,-8586.388927,21688.034101
1665.898010,-1762.019645,14434.015869,11695.253884
1665.898327,5439.278036,30792.567187,8734.430116
1665.898644,3447.429741,37084.317694,3775.050304
1665.898961,11874.480219,36270.091158,-7920.203579
1665.899279,12334.137518,27017.516883,-15766.386565
1665.899596,11568.042020,12435.459826,-17172.777854
1665.899913,12793.794817,5255.462188,-18283.086767
1665.900231,10725.336972,-5995.668130,-5921.647536
1665.900548,2911.162892,-21021.848753,15840.407159
1665.900865,-11797.870669,-23908.651927,22354.219448
1665.901183,-9652.803275,-29534.217086,29164.114115
1665.901500,-17083.929605,-19541.436869,14434.015869
1665.901817,-11874.480219,-21021.848753,32050.917289
1665.902135,-14402.595362,-22724.322419,32643.082042
1665.902452,-12180.918418,-11695.253884,18357.107362
1665.902769,-4519.963438,12361.439231,14434.015869
1665.903086,-3447.429741,32717.102636,8808.450710
1665.903404,153.219100,38638.750172,2886.803174
1665.903721,6971.469032,37306.379477,-7846.182985
1665.904038,7890.783629,28349.887579,-17542.880825
1665.904356,10801.946522,14211.954086,-12731.542202
1665.904673,11338.213370,5403.503377,-19319.375086
1665.904990,9806.022374,-4737.318029,0.000000
1665.905308,6665.030833,-24352.775492,20651.745782
1665.905625,-11644.651570,-21762.054695,17838.963202
1665.905942,-12410.747068,-26869.475695,30126.381839
1665.906259,-14555.814462,-21539.992912,27165.558071
1665.906577,-12257.527968,-23390.507767,27609.681637
1665.906894,-7737.564530,-21984.116477,39378.956114
1665.907211,-9652.803275,-6809.894666,22058.137072
1665.907529,-1532.190996,12361.439231,13767.830521
1665.907846,4213.525239,30126.381839,8438.347739
1665.908163,7507.735880,37824.523636,-1850.514855
1665.908481,12640.575717,39452.976709,-6291.750507
1665.908798,15551.738609,26647.413912,-11251.130318
1665.909115,18922.558801,10732.986159,-20429.683999
1665.909433,13713.109414,3256.906145,-22280.198854
1665.909750,17466.977354,-8364.327145,1406.391290
1665.910067,7967.393179,-20133.601622,11695.253884
1665.910384,-8810.098227,-28571.949361,20947.828159
1665.910702,-12104.308868,-30570.505405,32421.020260
1665.911019,-14632.424012,-20651.745782,25685.146187
1665.911336,-8963.317327,-23686.590144,32569.061448
1665.911654,-6511.811733,-18209.066173,37010.297100
1665.911971,-5745.716235,-8364.327145,25389.063811
1665.912288,766.095498,13989.892304,14582.057057
1665.912606,6205.373534,31310.711347,9474.636058
1665.912923,5669.106685,39156.894332,1332.370696
1665.913240,13789.718964,39082.873738,-6587.832884
1665.913558,13789.718964,26499.372724,-13545.768739
1665.913875,14019.547613,9474.636058,-20873.807564
1665.914192,13483.280765,4663.297435,-26721.434506
1665.914509,14785.643111,-9474.636058,-2738.761985
1665.914827,0.000000,-21836.075289,17246.798449
1665.915144,-10112.460574,-35529.885216,29460.196492
1665.915461,-10265.679673,-32272.979071,30718.546593
1665.915779,-15628.348159,-18209.066173,20207.622217
1665.916096,-10418.898773,-23316.487173,27609.681637
1665.916413,-8350.440928,-16580.613101,38934.832549
1665.916731,-5439.278036,-11621.233289,27979.784608
1665.917048,-2374.896044,18875.251521,592.164754
1665.917365,3217.601092,36714.214723,2812.782580
1665.917683,4366.744339,41229.470969,7328.038826
1665.918000,10265.679673,33235.246796,-11473.192101
1665.918317,10265.679673,23168.445985,-15914.427753
1665.918634,12640.575717,10584.944971,-18357.107362
1665.918952,8120.612279,6513.812290,-29534.217086
1665.919269,11644.651570,-8660.409521,0.000000
1665.919586,-842.705048,-24426.796086,18135.045579
1665.919904,-12257.527968,-32569.061448,25315.043216
1665.920221,-11721.261119,-29238.134709,30940.608376
1665.920538,-17926.634653,-16210.510130,26055.249158
1665.920856,-10955.165621,-23094.425390,33457.308578
1665.921173,-8044.002729,-18061.024985,35529.885216
1665.921490,-4443.353888,-6513.812290,21243.910535
1665.921807,-689.485948,20725.766376,6439.791695
1665.922125,1149.143247,39897.100274,1850.514855
1665.922442,6894.859482,39156.894332,5625.565159
1665.922759,10418.898773,37528.441259,-16358.551318
1665.923077,14632.424012,26055.249158,-18505.148550
1665.923394,16624.272307,9474.636058,-17542.880825
1665.923711,8273.831378,7031.956449,-28645.969955
1665.924029,14096.157163,-13693.809927,6217.729913
1665.924346,-2451.505594,-29386.175897,17394.839637
1665.924663,-13559.890315,-33457.308578,27239.578666
1665.924981,-9729.412825,-28423.908173,37750.503042
1665.925298,-22906.255390,-18135.045579,26277.310941
1665.925615,-10955.165621,-28127.825796,34049.473332
1665.925932,-10112.460574,-17172.777854,43450.088795
1665.926250,-7201.297681,-8512.368333,23834.631332
1665.926567,2528.115143,20207.622217,5773.606348
1665.926884,5209.449386,44412.356520,-592.164754
1665.927202,9269.755526,41747.615129,2442.679609
1665.927519,15551.738609,32717.102636,-8364.327145
1665.927836,16471.053207,23390.507767,-18579.169144
1665.928154,17926.634653,11029.068536,-23538.548956
1665.928471,13406.671215,5773.606348,-22798.343014
1665.928788,13636.499864,-12361.439231,6661.853478
1665.929106,-536.266849,-28942.052332,18727.210333
1665.929423,-10725.336972,-32050.917289,29164.114115
1665.929740,-10955.165621,-28719.990550,36862.255912
1665.930057,-17313.758255,-23020.404796,30200.402434
1665.930375,-8963.317327,-30644.525999,34271.535115
1665.930692,-6128.763984,-13323.706956,37084.317694
1665.931009,-2911.162892,-962.267725,23316.487173
1665.931327,4213.525239,24574.837274,3627.009116
1665.931644,7431.126331,38860.811955,-3108.864956
1665.931961,12104.308868,42043.697506,4737.318029
1665.932279,12180.918418,38120.606013,-19763.498651
1665.932596,20301.530697,18949.272115,-13249.686362
1665.932913,15321.909960,9696.697840,-21614.013506
1665.933231,12104.308868,1628.453072,-24426.796086
1665.933548,10572.117872,-13249.686362,740.205942
1665.933865,-3294.210641,-30348.443622,25907.207970
1665.934182,-9116.536426,-36788.235317,34271.535115
1665.934500,-12257.527968,-27683.702231,28423.908173
1665.934817,-17543.586904,-18727.210333,25167.002028
1665.935134,-7124.688131,-23982.672521,35899.988187
1665.935452,-4826.401637,-12065.356855,33087.205607
1665.935769,-2374.896044,1406.391290,18431.127956
1665.936086,2374.896044,23686.590144,7105.977043
1665.936404,3600.648841,40563.285622,-7920.203579
1665.936721,10801.946522,42931.944636,2220.617826
1665.937038,10189.070123,32939.164419,-14878.139434
1665.937356,19075.777900,18949.272115,-16062.468941
1665.937673,9806.022374,9918.759623,-31532.773129
1665.937990,6052.154434,-1628.453072,-16062.468941
1665.938307,9499.584175,-17542.880825,12731.542202
1665.938625,-11568.042020,-30792.567187,14434.015869
1665.938942,-11414.822920,-35381.844028,33975.452738
1665.939259,-15475.129060,-23686.590144,27683.702231
1665.939577,-19382.216099,-17764.942608,27165.558071
1665.939894,-15781.567259,-22946.384202,33235.246796
1665.940211,-10648.727422,-17542.880825,37602.461854
1665.940529,-5822.325785,-2368.659014,22428.240043
1665.940846,-2145.067394,29978.340651,5995.668130
1665.941163,229.828649,41747.615129,2738.761985
1665.941480,5592.497135,43820.191766,-8290.306550
1665.941798,17083.929605,34493.596897,-10807.006753
1665.942115,14325.985813,19837.519246,-18653.189738
1665.942432,18845.949251,7105.977043,-21391.951724
1665.942750,10189.070123,10214.842000,-25759.166782
1665.943067,10572.117872,-7476.080014,222.061783
1665.943384,-1302.362347,-30644.525999,29534.217086
1665.943702,-12180.918418,-30496.484810,32643.082042
1665.944019,-12027.699319,-29016.072926,35011.741057
1665.944336,-21067.626195,-25463.084405,26277.310941
1665.944654,-10418.898773,-29460.196492,45892.768404
1665.944971,-5056.230287,-15692.365970,38490.708984
1665.945288,-4519.963438,1924.535449,15396.283594
1665.945605,3907.087040,30422.464216,888.247130
1665.945923,6894.859482,39897.100274,-6587.832884
1665.946240,13253.452115,42857.924042,1702.473667
1665.946557,12947.013916,27905.764013,-12583.501014
1665.946875,19995.092498,14285.974681,-20725.766376
1665.947192,14325.985813,11029.068536,-31384.731941
1665.947509,12947.013916,-3552.988522,-9622.677246
1665.947827,9882.631924,-20799.786970,7550.100608
1665.948144,-6894.859482,-33013.185013,25759.166782
1665.948461,-9193.145976,-33161.226202,33605.349767
1665.948779,-16317.834107,-24204.734303,31754.834912
1665.949096,-12947.013916,-26129.269753,38712.770767
1665.949413,-6665.030833,-18135.045579,40563.285622
1665.949730,689.485948,-4959.379811,31606.793723
1665.950048,3907.087040,7105.977043,15396.283594
1665.950365,4519.963438,32865.143825,-3108.864956
1665.950682,9806.022374,38490.708984,-1406.391290
1665.951000,11874.480219,40267.203245,-2146.597232
1665.951317,15628.348159,28719.990550,-13619.789333
1665.951634,20454.749797,12361.439231,-20207.622217
1665.951952,10801.946522,7105.977043,-32495.040854
1665.952269,8350.440928,-6217.729913,-8068.244768
1665.952586,3830.477490,-18653.189738,9918.759623
1665.952904,-7354.516781,-38194.626607,27535.661042
1665.953221,-10801.946522,-31088.649564,34567.617491
1665.953538,-17543.586904,-22946.384202,24204.734303
1665.953855,-15245.300410,-19393.395680,29534.217086
1665.954173,-8044.002729,-18949.272115,35677.926404
1665.954490,-8197.221829,-12213.398043,27979.784608
1665.954807,-3524.039291,7698.141797,16950.716072
1665.955125,0.000000,39082.873738,-2368.659014
1665.955442,4903.011187,45596.686027,-74.020594
1665.955759,8197.221829,39823.079680,-4811.338623
1665.956077,11797.870669,26573.393318,-18505.148550
1665.956394,10648.727422,14878.139434,-15026.180623
1665.956711,9499.584175,9030.512492,-25315.043216
1665.957028,7048.078582,3627.009116,-22206.178260
1665.957346,4213.525239,-15766.386565,19911.539840
1665.957663,-11031.775171,-35233.802839,29978.340651
1665.957980,-13789.718964,-37084.317694,32272.979071
1665.958298,-16777.491406,-23020.404796,32643.082042
1665.958615,-19918.482948,-20799.786970,26055.249158
1665.958932,-10955.165621,-26129.269753,35529.885216
1665.959250,-6128.763984,-16506.592507,34197.514520
1665.959567,-4673.182538,8216.285956,14137.933492
1665.959884,2145.067394,35455.864622,-1776.494261
1665.960202,1915.238745,44338.335926,-3849.070898
1665.960519,14249.376263,41081.429781,-5181.441594
1665.960836,15858.176809,23316.487173,-17468.860231
1665.961153,15015.471761,9918.759623,-20207.622217
1665.961471,12104.308868,7550.100608,-25759.166782
1665.961788,11031.775171,148.041188,-15174.221811
1665.962105,6741.640382,-25018.960840,18209.066173
1665.962423,-7890.783629,-36270.091158,34419.576303
1665.962740,-10955.165621,-24500.816680,27905.764013
1665.963057,-15092.081311,-19467.416275,29238.134709
1665.963375,-11491.432470,-30126.381839,42117.718100
1665.963692,-9652.803275,-21836.075289,43968.232955
1665.964009,-536.266849,-7772.162391,26203.290347
1665.964327,2528.115143,15100.201217,5477.523971
1665.964644,7814.174080,35603.905810,-444.123565
1665.964961,9499.584175,39526.997303,-4367.215058
1665.965278,15704.957709,38268.647201,-8512.368333
1665.965596,20378.140247,23168.445985,-6661.853478
1665.965913,15934.786358,11695.253884,-27017.516883
1665.966231,7814.174080,444.123565,-29756.278868
1665.966548,14325.985813,-14730.098246,13619.789333
1665.966865,-5669.106685,-24944.940245,7994.224174
1665.967183,-7967.393179,-38638.750172,31976.896694
1665.967500,-12793.794817,-33383.287984,32717.102636
1665.967817,-17390.367805,-24426.796086,32643.082042
1665.968135,-11184.994271,-24352.775492,31088.649564
1665.968452,-4979.620737,-11177.109724,37010.297100
1665.968769,-1762.019645,-8068.244768,29608.237680
1665.969087,2451.505594,19985.560434,6143.709319
1665.969404,4290.134789,42043.697506,-2516.700203
1665.969721,8427.050478,39230.914926,4811.338623
1665.970039,12563.966167,35085.761651,-11325.150913
1665.970356,18003.244203,23464.528361,-12287.418637
1665.970673,15628.348159,12065.356855,-21095.869347
1665.970991,9499.584175,7105.977043,-30570.505405
1665.971308,8580.269578,-5033.400406,-7624.121203
1665.971625,-1072.533697,-28201.846390,29978.340651
1665.971943,-13406.671215,-37380.400071,36344.111752
1665.972260,-8733.488677,-32643.082042,26203.290347
1665.972578,-18539.511052,-20429.683999,22724.322419
1665.972895,-11184.994271,-29608.237680,37898.544230
1665.973212,-11414.822920,-22650.301825,40045.141462
1665.973530,-5056.230287,-9622.677246,19023.292709
1665.973847,-1455.581446,20059.581028,5995.668130
1665.974164,3064.381992,44042.253549,-148.041188
1665.974482,3830.477490,45448.644839,370.102971
1665.974799,13023.623466,35085.761651,-11473.192101
1665.975116,13559.890315,23242.466579,-16358.551318
1665.975434,12257.527968,9474.636058,-21836.075289
1665.975751,5515.887586,7254.018232,-29830.299463
1665.976068,8350.440928,-6587.832884,3923.091493
1665.976386,-3217.601092,-27831.743419,21762.054695
1665.976703,-13176.842566,-31384.731941,29904.320057
1665.977020,-12793.794817,-31828.855506,37084.317694
1665.977338,-22829.645840,-19245.354492,24648.857869
1665.977655,-9576.193725,-24870.919651,39601.017897
1665.977973,-8350.440928,-16654.633695,40711.326810
1665.978290,-7431.126331,-7846.182985,19985.560434
1665.978607,-383.047749,19245.354492,3330.926739
1665.978925,6741.640382,42339.779882,296.082377
1665.979242,5362.668486,41673.594535,-2442.679609
1665.979559,16088.005458,32346.999665,-8956.491898
1665.979877,19535.435199,23390.507767,-16358.551318
1665.980194,16088.005458,11843.295072,-24204.734303
1665.980511,11108.384721,-370.102971,-23834.631332
1665.980829,10265.679673,-10732.986159,2590.720797
1665.981146,-1149.143247,-27165.558071,23020.404796
1665.981463,-8350.440928,-32124.937883,30940.608376
1665.981781,-13100.233016,-24056.693115,30792.567187
1665.982098,-15704.957709,-24056.693115,37380.400071
1665.982415,-12027.699319,-28942.052332,37454.420665
1665.982733,-5056.230287,-11695.253884,38860.811955
1665.983050,-3600.648841,-3182.885551,26795.455100
1665.983368,1378.971896,24278.754898,5403.503377
1665.983685,10342.289223,37528.441259,-4737.318029
1665.984002,11261.603821,47003.077317,-518.144159
1665.984320,13253.452115,35381.844028,-15840.407159
1665.984637,21680.502593,14804.118840,-11251.130318
1665.984954,12027.699319,11325.150913,-29164.114115
1665.985272,7814.174080,-2220.617826,-23168.445985
1665.985589,9806.022374,-18209.066173,10288.862594
1665.985906,-7124.688131,-30274.423028,21836.075289
1665.986224,-10035.851024,-34123.493926,33901.432144
1665.986541,-15551.738609,-29904.320057,27757.722825
1665.986858,-13636.499864,-21317.931130,32198.958477
1665.987176,-8197.221829,-22650.301825,35529.885216
1665.987493,-3217.601092,-14211.954086,35677.926404
1665.987810,-4443.353888,-6661.853478,21762.054695
1665.988128,2374.896044,27313.599260,1258.350101
1665.988445,8120.612279,41229.470969,-6291.750507
1665.988763,11338.213370,39675.038491,1998.556043
1665.989080,14172.766713,37232.358883,-15544.324782
1665.989397,21144.235745,18949.272115,-15544.324782
1665.989715,12793.794817,8660.409521,-24796.899057
1665.990032,6588.421283,-3478.967927,-19171.333898
1665.990349,7201.297681,-12953.603985,3552.988522
1665.990667,-5056.230287,-28127.825796,25463.084405
1665.990984,-10418.898773,-29164.114115,32865.143825
1665.991301,-14019.547613,-25537.104999,28201.846390
1665.991619,-15781.567259,-19837.519246,26499.372724
1665.991936,-8886.707777,-25092.981434,39304.935520
1665.992253,-7354.516781,-14434.015869,34197.514520
1665.992571,-7814.174080,-2146.597232,16062.468941
1665.992888,459.657299,27017.516883,2590.720797
1665.993205,5592.497135,41377.512158,-3256.906145
1665.993523,7507.735880,47373.180288,-3034.844362
1665.993840,12487.356617,35011.741057,-14878.139434
1665.994157,15321.909960,17320.819043,-10510.924376
1665.994475,10648.727422,8438.347739,-25167.002028
1665.994792,2681.334243,-1406.391290,-5847.626942
1665.995110,4213.525239,-17024.736666,7105.977043
1665.995427,-8044.002729,-30792.567187,23020.404796
1665.995744,-13253.452115,-28868.031738,33901.432144
1665.996062,-19228.997000,-29904.320057,28053.805202
1665.996379,-14249.376263,-24722.878463,30200.402434
1665.996696,-12793.794817,-15840.407159,31310.711347
1665.997014,-3983.696590,-10066.800811,43302.047607
1665.997331,-3447.429741,1184.329507,17838.963202
1665.997648,1838.629195,30274.423028,-5847.626942
1665.997966,7660.954980,40933.388593,-1110.308913
1665.998283,9576.193725,38638.750172,-2812.782580
1665.998600,18156.463303,28275.866984,-10732.986159
1665.998918,18386.291952,16580.613101,-18653.189738
1665.999235,16854.100956,6735.874072,-24130.713709
1665.999552,11261.603821,1258.350101,-15692.365970
1665.999870,7124.688131,-10881.027347,8956.491898
1666.000187,-4290.134789,-27461.640448,31014.628970
1666.000505,-13100.233016,-25018.960840,25315.043216
1666.000822,-12334.137518,-24870.919651,27387.619854
1666.001139,-14938.862211,-25611.125593,36048.029375
1666.001457,-9346.365076,-31014.628970,44264.315332
1666.001774,-8580.269578,-15322.262999,32421.020260
1666.002091,-4290.134789,1998.556043,15840.407159
1666.002409,3294.210641,28275.866984,6957.935855
1666.002726,8197.221829,38712.770767,-4219.173869
1666.003043,12487.356617,47003.077317,-2368.659014
1666.003361,12104.308868,30718.546593,-17320.819043
1666.003678,19612.044749,11399.171507,-8290.306550
1666.003995,11491.432470,8216.285956,-28497.928767
1666.004313,10955.165621,-3775.050304,-11251.130318
1666.004630,7354.516781,-16580.613101,9178.553681
1666.004947,-6511.811733,-32717.102636,27535.661042
1666.005265,-12410.747068,-31532.773129,30274.423028
1666.005582,-13942.938064,-26055.249158,28423.908173
1666.005900,-10725.336972,-20281.642811,26055.249158
1666.006217,-6128.763984,-15248.242405,33679.370361
1666.006534,229.828649,-8660.409521,32939.164419
1666.006852,1532.190996,1480.411884,16950.716072
1666.007169,1915.238745,29756.278868,-2220.617826
1666.007486,10725.336972,33531.329173,-1110.308913
1666.007804,8656.879127,37898.544230,1480.411884
1666.008121,13789.718964,30274.423028,-11843.295072
1666.008438,19382.216099,16358.551318,-16580.613101
1666.008756,12104.308868,9548.656652,-26351.331535
1666.009073,7967.393179,-6809.894666,-11177.109724
1666.009390,4366.744339,-17690.922014,18727.210333
1666.009708,-12334.137518,-29312.155303,22206.178260
1666.010025,-9959.241474,-30496.484810,28349.887579
1666.010342,-13942.938064,-19467.416275,23094.425390
1666.010660,-13483.280765,-19615.457463,24870.919651
1666.010977,-11797.870669,-22502.260637,34567.617491
1666.011295,-7660.954980,-14508.036463,38268.647201
1666.011612,-8044.002729,-2886.803174,16062.468941
1666.011929,-1532.190996,30570.505405,1184.329507
1666.012247,5056.230287,42561.841665,814.226536
1666.012564,4749.792088,46484.933158,-6513.812290
1666.012881,14479.204912,26943.496289,-10066.800811
1666.013199,10801.946522,18135.045579,-16136.489536
1666.013516,12870.404366,8142.265362,-17690.922014
1666.013833,5362.668486,1110.308913,-12213.398043
1666.014151,5975.544884,-13545.768739,8438.347739
1666.014468,-6741.640382,-26055.249158,24204.734303
1666.014785,-15321.909960,-28571.949361,29756.278868
1666.015103,-14096.157163,-30866.587781,28571.949361
1666.015420,-17543.586904,-19911.539840,27165.558071
1666.015737,-8656.879127,-21984.116477,36714.214723
1666.016055,-3447.429741,-13545.768739,37750.503042
1666.016372,-5132.839837,-740.205942,12583.501014
1666.016689,3447.429741,29904.320057,-1998.556043
1666.017007,7507.735880,38564.729578,-4737.318029
1666.017324,11951.089769,37010.297100,2738.761985
1666.017642,16471.053207,28275.866984,-12361.439231
1666.017959,20071.702048,14878.139434,-18283.086767
1666.018276,11951.089769,10066.800811,-24944.940245
1666.018594,13406.671215,-666.185348,-8808.450710
1666.018911,7507.735880,-12953.603985,11843.295072
1666.019228,-4673.182538,-32198.958477,25611.125593
1666.019546,-10035.851024,-34049.473332,29016.072926
1666.019863,-12487.356617,-23094.425390,30570.505405
1666.020180,-12487.356617,-23390.507767,37084.317694
1666.020498,-7584.345430,-22576.281231,33679.370361
1666.020815,-3983.696590,-9474.636058,29830.299463
1666.021132,306.438199,4145.153275,18209.066173
1666.021450,1762.019645,27313.599260,-1924.535449
1666.021767,9806.022374,37898.544230,-6883.915261
1666.022084,11874.480219,38416.688390,222.061783
1666.022402,11951.089769,22724.322419,-6661.853478
1666.022719,20761.187996,10214.842000,-11843.295072
1666.023037,9346.365076,12805.562797,-31458.752535
1666.023354,9346.365076,-5255.462188,-2368.659014
1666.023671,5898.935335,-17542.880825,9178.553681
1666.023989,-6205.373534,-26055.249158,17838.963202
1666.024306,-8886.707777,-30422.464216,30570.505405
1666.024623,-15628.348159,-25685.146187,24648.857869
1666.024941,-12717.185267,-24278.754898,28794.011144
1666.025258,-3294.210641,-18875.251521,38564.729578
1666.025575,-3983.696590,-8290.306550,30570.505405
1666.025893,-1072.533697,3330.926739,16580.613101
1666.026210,459.657299,33531.329173,-6143.709319
1666.026527,9576.193725,36640.194129,-740.205942
1666.026845,10725.336972,36640.194129,4737.318029
1666.027162,13330.061665,25537.104999,-11991.336260
1666.027479,15704.957709,15840.407159,-15544.324782
1666.027797,9806.022374,8438.347739,-25907.207970
1666.028114,4060.306139,-74.020594,-12065.356855
1666.028432,4366.744339,-14063.912898,13397.727550
1666.028749,-10801.946522,-25759.166782,19985.560434
1666.029066,-13330.061665,-30792.567187,28275.866984
1666.029384,-13406.671215,-25537.104999,33235.246796
1666.029701,-16930.710506,-18135.045579,23538.548956
1666.030018,-10648.727422,-21317.931130,33901.432144
1666.030336,-8733.488677,-17172.777854,36714.214723
1666.030653,-9193.145976,-1776.494261,13619.789333
1666.030970,-3370.820191,29756.278868,2072.576638
1666.031288,0.000000,40563.285622,3330.926739
1666.031605,5132.839837,41229.470969,-4589.276840
1666.031922,15168.690860,25241.022622,-5181.441594
1666.032240,8656.879127,18505.148550,-15544.324782
1666.032557,13866.328514,12361.439231,-22354.219448
1666.032874,5056.230287,4737.318029,-17246.798449
1666.033192,11031.775171,-14730.098246,17468.860231
1666.033509,-3600.648841,-29312.155303,26943.496289
1666.033827,-16011.395908,-30422.464216,22058.137072
1666.034144,-8733.488677,-31976.896694,32865.143825
1666.034461,-13330.061665,-18653.189738,28571.949361
1666.034779,-5439.278036,-24944.940245,33975.452738
1666.035096,-2298.286494,-10436.903782,33605.349767
1666.035413,-842.705048,-962.267725,18061.024985
1666.035731,3753.867940,28794.011144,-1924.535449
1666.036048,10342.289223,35307.823433,-5477.523971
1666.036365,12870.404366,35307.823433,3775.050304
1666.036683,17773.415554,23834.631332,-4663.297435
1666.037000,22523.207641,18209.066173,-22428.240043
1666.037317,16547.662757,13767.830521,-31902.876100
1666.037635,12257.527968,-4663.297435,-13323.706956
1666.037952,7354.516781,-15322.262999,13471.748144
1666.038269,-7124.688131,-29830.299463,21391.951724
1666.038587,-13713.109414,-27239.578666,24796.899057
1666.038904,-13253.452115,-29830.299463,33013.185013
1666.039221,-17390.367805,-23316.487173,29090.093521
1666.039539,-6052.154434,-25685.146187,41081.429781
1666.039856,-5975.544884,-11991.336260,31458.752535
1666.040174,-3983.696590,-2072.576638,20651.745782
1666.040491,-536.266849,21465.972318,5403.503377
1666.040808,6971.469032,35455.864622,-1480.411884
1666.041126,12410.747068,41525.553346,1332.370696
1666.041443,13789.718964,31606.793723,-13989.892304
1666.041760,17007.320056,18357.107362,-13471.748144
1666.042078,14938.862211,14508.036463,-25092.981434
1666.042395,13100.233016,3775.050304,-19911.539840
1666.042712,7507.735880,-7328.038826,-8068.244768
1666.043030,-2834.553343,-28423.908173,31162.670158
1666.043347,-13866.328514,-28275.866984,27757.722825
1666.043664,-10725.336972,-31532.773129,27165.558071
1666.043982,-10801.946522,-23316.487173,24796.899057
1666.044299,-9652.803275,-24648.857869,34345.555709
1666.044616,-8273.831378,-22798.343014,37824.523636
1666.044934,-8427.050478,-10955.047942,18135.045579
1666.045251,-4136.915689,20281.642811,4663.297435
1666.045569,2451.505594,38194.626607,2590.720797
1666.045886,5898.935335,42117.718100,2812.782580
1666.046203,13942.938064,35677.926404,-13027.624579
1666.046521,14709.033562,26055.249158,-17764.942608
1666.046838,13406.671215,14804.118840,-24130.713709
1666.047155,7890.783629,3552.988522,-21836.075289
1666.047473,7737.564530,-8956.491898,-3849.070898
1666.047790,-3830.477490,-25092.981434,28423.908173
1666.048107,-19152.387450,-28497.928767,26203.290347
1666.048425,-11644.651570,-33531.329173,30200.402434
1666.048742,-13789.718964,-20059.581028,26425.352129
1666.049059,-11491.432470,-19689.478057,34789.679274
1666.049377,-10189.070123,-22058.137072,38934.832549
1666.049694,-9882.631924,-13471.748144,16802.674883
1666.050011,-5822.325785,13767.830521,5921.647536
1666.050329,1378.971896,35381.844028,4293.194464
1666.050646,3677.258390,41303.491564,-592.164754
1666.050964,17007.320056,36196.070564,-8586.388927
1666.051281,15015.471761,28423.908173,-20281.642811
1666.051598,19995.092498,14434.015869,-23020.404796
1666.051916,11414.822920,8808.450710,-27017.516883
1666.052233,12410.747068,-7550.100608,4737.318029
1666.052550,153.219100,-29386.175897,15914.427753
1666.052868,-15858.176809,-29312.155303,24278.754898
1666.053185,-12410.747068,-31088.649564,37454.420665
1666.053502,-14325.985813,-21169.889941,29386.175897
1666.053820,-8656.879127,-25907.207970,37084.317694
1666.054137,-7277.907231,-20133.601622,41007.409187
1666.054454,-5975.544884,-9548.656652,29682.258274
1666.054772,1378.971896,15914.427753,11695.253884
1666.055089,9422.974625,33457.308578,-222.061783
1666.055406,10801.946522,43005.965230,2146.597232
1666.055724,15321.909960,36270.091158,-7550.100608
1666.056041,19075.777900,27757.722825,-16876.695478
1666.056359,18616.120601,15766.386565,-29460.196492
1666.056676,13100.233016,4293.194464,-26425.352129
1666.056993,10342.289223,-11029.068536,222.061783
1666.057311,-1378.971896,-26869.475695,17172.777854
1666.057628,-14709.033562,-33087.205607,26943.496289
1666.057945,-12027.699319,-33087.205607,33753.390955
1666.058263,-11184.994271,-26277.310941,32569.061448
1666.058580,-13483.280765,-24130.713709,33901.432144
1666.058897,-7584.345430,-23020.404796,41229.470969
1666.059215,-7737.564530,-10807.006753,27091.537477
1666.059532,842.705048,13323.706956,11621.233289
1666.059849,4749.792088,39452.976709,1036.288319
1666.060167,7354.516781,44116.274143,3552.988522
1666.060484,15092.081311,39304.935520,-11325.150913
1666.060801,13636.499864,27239.578666,-18875.251521
1666.061119,19382.216099,13397.727550,-18431.127956
1666.061436,9193.145976,5699.585753,-27831.743419
1666.061753,14785.643111,-3552.988522,-9252.574275
1666.062071,-4290.134789,-20577.725188,7550.100608
1666.062388,-10801.946522,-31384.731941,30200.402434
1666.062706,-8886.707777,-31680.814318,32939.164419
1666.063023,-11491.432470,-19171.333898,28645.969955
1666.063340,-12027.699319,-26869.475695,30422.464216
1666.063658,-10648.727422,-28053.805202,42043.697506
1666.063975,-11108.384721,-21243.910535,28275.866984
1666.064292,-5515.887586,6883.915261,9622.677246
1666.064610,995.924147,34493.596897,3330.926739
1666.064927,1532.190996,48335.448013,-7994.224174
1666.065244,17390.367805,43302.047607,-3330.926739
1666.065562,12793.794817,34493.596897,-23982.672521
1666.065879,19688.654299,15618.345376,-19097.313304
1666.066196,8273.831378,6587.832884,-25833.187376
1666.066514,9116.536426,-5403.503377,-9622.677246
1666.066831,-459.657299,-26425.352129,14508.036463
1666.067148,-17160.539155,-28423.908173,21317.931130
1666.067466,-9882.631924,-29460.196492,35677.926404
1666.067783,-15934.786358,-23686.590144,35529.885216
1666.068100,-14325.985813,-24574.837274,34715.658680
1666.068418,-11261.603821,-24648.857869,40415.244433
1666.068735,-11108.384721,-15470.304188,27239.578666
1666.069052,-5592.497135,5847.626942,12805.562797
1666.069369,3830.477490,29460.196492,10510.924376
1666.069687,842.705048,44116.274143,-4737.318029
1666.070004,18309.682402,41747.615129,-7476.080014
1666.070321,17773.415554,32643.082042,-22576.281231
1666.070639,24285.227287,19097.313304,-21614.013506
1666.070956,17696.806004,5699.585753,-26277.310941
1666.071273,12334.137518,518.144159,-18505.148550
1666.071590,689.485948,-25759.166782,17468.860231
1666.071908,-13789.718964,-29016.072926,29312.155303
1666.072225,-11797.870669,-36196.070564,33605.349767
1666.072542,-11414.822920,-24870.919651,34419.576303
1666.072860,-13023.623466,-27313.599260,41155.450375
1666.073177,-7660.954980,-25611.125593,45226.583056
1666.073494,-8427.050478,-11917.315666,30718.546593
1666.073812,0.000000,9992.780217,12583.501014
1666.074129,8656.879127,34715.658680,-370.102971
1666.074446,4596.572988,47965.345042,-10732.986159
1666.074763,17773.415554,39230.914926,-1480.411884
1666.075081,16241.224558,28794.011144,-19689.478057
1666.075398,21986.940793,15840.407159,-26573.393318
1666.075715,11721.261119,3330.926739,-25907.207970
1666.076033,10035.851024,-9104.533087,-4589.276840
1666.076350,0.000000,-25092.981434,12657.521608
1666.076667,-11031.775171,-28942.052332,27757.722825
1666.076984,-12717.185267,-34345.555709,38268.647201
1666.077302,-12947.013916,-22798.343014,34715.658680
1666.077619,-8044.002729,-23834.631332,41155.450375
1666.077936,-4213.525239,-15766.386565,36196.070564
1666.078254,-6741.640382,-8364.327145,23094.425390
1666.078571,3830.477490,13915.871710,10140.821405
1666.078888,8733.488677,40711.326810,-6365.771101
1666.079205,10342.289223,42561.841665,-666.185348
1666.079523,11951.089769,36566.173535,-7105.977043
1666.079840,16394.443657,26055.249158,-17542.880825
1666.080157,17390.367805,15174.221811,-26055.249158
1666.080475,7507.735880,370.102971,-23390.507767
1666.080792,6818.249932,-12731.542202,14285.974681
1666.081109,-9576.193725,-27535.661042,11843.295072
1666.081427,-11721.261119,-33901.432144,23316.487173
1666.081744,-13636.499864,-27091.537477,33161.226202
1666.082061,-15704.957709,-19245.354492,30792.567187
1666.082378,-12027.699319,-24204.734303,35751.946999
1666.082696,-10495.508323,-19023.292709,37972.564825
1666.083013,-12717.185267,-9252.574275,25167.002028
1666.083330,-4596.572988,18949.272115,12879.583391
1666.083648,2681.334243,37528.441259,-1702.473667
1666.083965,2604.724693,46632.974346,-8438.347739
1666.084282,13559.890315,34641.638086,-4737.318029
1666.084599,12563.966167,25907.207970,-23538.548956
1666.084917,18692.730151,11547.212695,-20873.807564
1666.085234,12104.308868,9326.594869,-21169.889941
1666.085551,10418.898773,2516.700203,-16284.530724
1666.085869,919.314598,-25537.104999,27683.702231
1666.086186,-15934.786358,-24204.734303,24352.775492
1666.086503,-13023.623466,-37676.482448,32346.999665
1666.086820,-14325.985813,-21465.972318,34567.617491
1666.087138,-11184.994271,-21095.869347,41377.512158
1666.087455,-10878.556072,-23760.610738,34715.658680
1666.087772,-9959.241474,-17838.963202,23316.487173
1666.088090,-1072.533697,12361.439231,7624.121203
1666.088407,7507.735880,33161.226202,5403.503377
1666.088724,7890.783629,41673.594535,-4737.318029
1666.089041,18462.901502,36788.235317,-11251.130318
1666.089359,18309.682402,26055.249158,-15692.365970
1666.089676,22753.036291,15396.283594,-26203.290347
1666.089993,15704.957709,4293.194464,-26647.413912
1666.090311,12027.699319,-3182.885551,-8956.491898
1666.090628,-2068.457845,-28349.887579,24796.899057
1666.090945,-13483.280765,-26129.269753,24426.796086
1666.091263,-12947.013916,-29830.299463,28349.887579
1666.091580,-9882.631924,-22058.137072,36270.091158
1666.091897,-13176.842566,-25907.207970,43079.985824
1666.092214,-5592.497135,-24574.837274,43005.965230
1666.092532,-6128.763984,-8734.430116,25611.125593
1666.092849,1225.752797,14285.974681,9770.718434
1666.093166,8197.221829,30792.567187,814.226536
1666.093484,9193.145976,43524.109390,-5921.647536
1666.093801,16930.710506,37972.564825,-5847.626942
1666.094118,17313.758255,26055.249158,-14211.954086
1666.094435,18922.558801,15988.448347,-29534.217086
1666.094753,13330.061665,3108.864956,-25018.960840
1666.095070,10265.679673,-9548.656652,-1480.411884
1666.095387,-1838.629195,-26499.372724,16284.530724
1666.095705,-12947.013916,-29830.299463,21910.095883
1666.096022,-12104.308868,-31606.793723,30792.567187
1666.096339,-11108.384721,-26351.331535,31606.793723
1666.096656,-8503.660028,-21762.054695,38046.585419
1666.096974,-7814.174080,-18875.251521,37232.358883
1666.097291,-7814.174080,-9104.533087,24352.775492
1666.097608,536.266849,13175.665768,11399.171507
1666.097926,4213.525239,36788.235317,1924.535449
1666.098243,6894.859482,41303.491564,-148.041188
1666.098560,13942.938064,37898.544230,-10066.800811
1666.098877,14632.424012,29238.134709,-20281.642811
1666.099195,19075.777900,17246.798449,-21169.889941
1666.099512,11951.089769,8142.265362,-26721.434506
1666.099829,9806.022374,-1924.535449,-10436.903782
1666.100147,-6281.983084,-22132.157666,18949.272115
1666.100464,-20071.702048,-25463.084405,20503.704593
1666.100781,-12334.137518,-35825.967593,35677.926404
1666.101099,-15092.081311,-18949.272115,23538.548956
1666.101416,-15321.909960,-23834.631332,35011.741057
1666.101733,-15858.176809,-31828.855506,44930.500679
1666.102050,-16700.881856,-24796.899057,33383.287984
1666.102368,-5439.278036,3330.926739,16284.530724
1666.102685,-2757.943793,28275.866984,8808.450710
1666.103002,0.000000,47669.262665,-4589.276840
1666.103320,14096.157163,43376.068201,-7846.182985
1666.103637,16930.710506,34345.555709,-17690.922014
1666.103954,15781.567259,18653.189738,-23612.569550
1666.104271,17620.196454,8290.306550,-22576.281231
1666.104589,14709.033562,8364.327145,-21095.869347
1666.104906,7048.078582,-13027.624579,-4959.379811
1666.105223,-10265.679673,-27757.722825,41821.635723
1666.105541,-18386.291952,-33457.308578,31014.628970
1666.105858,-11568.042020,-27757.722825,31236.690752
1666.106175,-10418.898773,-26869.475695,43746.171172
1666.106492,-11491.432470,-25759.166782,45300.603650
1666.106810,-9729.412825,-20947.828159,32272.979071
1666.107127,-1838.629195,-2738.761985,18357.107362
1666.107444,1838.629195,26647.413912,1776.494261
1666.107762,7507.735880,39230.914926,-2738.761985
1666.108079,15704.957709,46188.850781,-814.226536
1666.108396,18079.853753,32124.937883,-16728.654289
1666.108714,24591.665486,22502.260637,-26869.475695
1666.109031,18616.120601,11769.274478,-36122.049970
1666.109348,17313.758255,-1184.329507,-16876.695478
1666.109665,3294.210641,-20133.601622,74.020594
1666.109983,-7277.907231,-32791.123231,33087.205607
1666.110300,-16471.053207,-32569.061448,31088.649564
1666.110617,-11031.775171,-25685.146187,34789.679274
1666.110935,-12410.747068,-29016.072926,35307.823433
1666.111252,-5439.278036,-28794.011144,48261.427418
1666.111569,-7277.907231,-15100.201217,40415.244433
1666.111886,-229.828649,814.226536,18135.045579
1666.112204,2298.286494,24796.899057,4071.132681
1666.112521,8044.002729,43154.006419,-8956.491898
1666.112838,17543.586904,42635.862259,3997.112087
1666.113156,11338.213370,36344.111752,-18801.230927
1666.113473,23136.084040,18801.230927,-25018.960840
1666.113790,14709.033562,11769.274478,-34789.679274
1666.114107,12257.527968,-2664.741391,-17024.736666
1666.114425,1915.238745,-15692.365970,-9178.553681
1666.114742,-8273.831378,-30422.464216,32939.164419
1666.115059,-14785.643111,-33161.226202,30052.361245
1666.115377,-11721.261119,-26943.496289,33309.267390
1666.115694,-13406.671215,-25611.125593,36196.070564
1666.116011,-10418.898773,-22576.281231,44190.294737
1666.116328,-14019.547613,-24648.857869,35307.823433
1666.116646,-8350.440928,-7994.224174,17690.922014
1666.116963,-4290.134789,20059.581028,10732.986159
1666.117280,76.609550,45966.788998,-1036.288319
1666.117598,7890.783629,46410.912563,-4515.256246
1666.117915,14938.862211,43894.212361,-17838.963202
1666.118232,14479.204912,26055.249158,-24500.816680
1666.118550,18539.511052,12509.480420,-24278.754898
1666.118867,6052.154434,8808.450710,-24722.878463
1666.119184,3907.087040,-11769.274478,-4737.318029
1666.119501,-6971.469032,-31754.834912,32272.979071
1666.119819,-18079.853753,-31828.855506,30644.525999
1666.120136,-12870.404366,-31680.814318,38786.791361
1666.120453,-15628.348159,-23908.651927,39304.935520
1666.120771,-11721.261119,-26351.331535,45078.541868
1666.121088,-9806.022374,-23390.507767,43894.212361
1666.121405,-9422.974625,-9844.739029,15470.304188
1666.121722,-2528.115143,21910.095883,8660.409521
1666.122040,4903.011187,42487.821071,-6735.874072
1666.122357,9882.631924,46188.850781,-3256.906145
1666.122674,18386.291952,38120.606013,-17542.880825
1666.122992,22906.255390,28868.031738,-32865.143825
1666.123309,23519.131789,13101.645173,-26499.372724
1666.123626,13330.061665,3478.967927,-17690.922014
1666.123943,7354.516781,-11843.295072,-8956.491898
1666.124261,-6971.469032,-30940.608376,29090.093521
1666.124578,-12793.794817,-34345.555709,39601.017897
1666.124895,-14938.862211,-34493.596897,34271.535115
1666.125213,-12487.356617,-28053.805202,47077.097911
1666.125530,-10035.851024,-23316.487173,51296.271781
1666.125847,-8273.831378,-17098.757260,37306.379477
1666.126164,-1762.019645,-6957.935855,21836.075289
1666.126482,3447.429741,24796.899057,6069.688724
1666.126799,12793.794817,40341.223839,-8882.471304
1666.127116,12180.918418,48113.386230,-7772.162391
1666.127434,16777.491406,34271.535115,-17098.757260
1666.127751,23212.693589,25018.960840,-26943.496289
1666.128068,21144.235745,13545.768739,-38712.770767
1666.128386,10035.851024,-3108.864956,-17098.757260
1666.128703,4903.011187,-22724.322419,11547.212695
1666.129020,-9882.631924,-31532.773129,13841.851115
1666.129337,-11414.822920,-35233.802839,32346.999665
1666.129655,-13866.328514,-34271.535115,39230.914926
1666.129972,-13559.890315,-27831.743419,45374.624245
1666.130289,-9806.022374,-29016.072926,43005.965230
1666.130607,-8963.317327,-11843.295072,34049.473332
1666.130924,-6128.763984,-592.164754,19541.436869
1666.131241,2451.505594,27609.681637,3552.988522
1666.131558,6665.030833,43746.171172,-4811.338623
1666.131876,11414.822920,42561.841665,-3330.926739
1666.132193,11874.480219,34049.473332,-21095.869347
1666.132510,19382.216099,18875.251521,-21021.848753
1666.132828,14402.595362,5699.585753,-27535.661042
1666.133145,9422.974625,518.144159,-17616.901420
1666.133462,-1225.752797,-9252.574275,-8142.265362
1666.133779,-8197.221829,-26203.290347,30792.567187
1666.134097,-14096.157163,-32865.143825,32865.143825
1666.134414,-11108.384721,-29090.093521,34271.535115
1666.134731,-13023.623466,-27239.578666,41377.512158
1666.135049,-11491.432470,-24426.796086,39156.894332
1666.135366,-11644.651570,-19541.436869,29386.175897
1666.135683,-5056.230287,-7550.100608,17912.983796
1666.136001,689.485948,24278.754898,-1184.329507
1666.136318,6665.030833,44486.377114,-5551.544565
1666.136635,8963.317327,49223.695143,-8512.368333
1666.136952,16164.615008,32495.040854,-19837.519246
1666.137270,19995.092498,23316.487173,-23538.548956
1666.137587,15704.957709,8882.471304,-27535.661042
1666.137904,6665.030833,2368.659014,-20281.642811
1666.138222,-1149.143247,-20281.642811,8364.327145
1666.138539,-9806.022374,-29830.299463,25537.104999
1666.138856,-14479.204912,-31162.670158,33753.390955
1666.139173,-14785.643111,-25907.207970,39526.997303
1666.139491,-16011.395908,-26869.475695,42635.862259
1666.139808,-9422.974625,-25759.166782,44634.418303
1666.140125,-7737.564530,-9030.512492,32198.958477
1666.140443,-4903.011187,1184.329507,16580.613101
1666.140760,2451.505594,29682.258274,8142.265362
1666.141077,8656.879127,41747.615129,-9992.780217
1666.141394,14019.547613,43302.047607,-4663.297435
1666.141712,16164.615008,30866.587781,-14952.160028
1666.142029,22906.255390,18135.045579,-26795.455100
1666.142346,16164.615008,7920.203579,-31680.814318
1666.142664,7354.516781,-5477.523971,-7698.141797
1666.142981,1838.629195,-20651.745782,15100.201217
1666.143298,-11797.870669,-26129.269753,18801.230927
1666.143615,-10648.727422,-35381.844028,36344.111752
1666.143933,-17160.539155,-35011.741057,35751.946999
1666.144250,-12870.404366,-28127.825796,43376.068201
1666.144567,-13330.061665,-23982.672521,38416.688390
1666.144885,-7048.078582,-10140.821405,34049.473332
1666.145202,-3983.696590,3627.009116,16136.489536
1666.145519,7890.783629,32865.143825,9326.594869
1666.145837,9576.193725,45596.686027,-9252.574275
1666.146154,14402.595362,41377.512158,-7994.224174
1666.146471,16854.100956,29756.278868,-15322.262999
1666.146788,21297.454844,14359.995275,-25907.207970
1666.147106,17466.977354,7550.100608,-29534.217086
1666.147423,12104.308868,814.226536,-15692.365970
1666.147740,-689.485948,-19763.498651,13989.892304
1666.148058,-8963.317327,-27535.661042,26055.249158
1666.148375,-12640.575717,-34049.473332,30496.484810
1666.148692,-12947.013916,-24278.754898,37898.544230
1666.149009,-11491.432470,-29756.278868,42043.697506
1666.149327,-6741.640382,-23538.548956,44486.377114
1666.149644,-7124.688131,-10288.862594,32791.123231
1666.149961,-2145.067394,1776.494261,15100.201217
1666.150279,5669.106685,31458.752535,-3330.926739
1666.150596,10418.898773,45596.686027,-12509.480420
1666.150913,15781.567259,43079.985824,-2516.700203
1666.151230,17313.758255,28868.031738,-17468.860231
1666.151548,19841.873398,19023.292709,-30200.402434
1666.151865,12410.747068,4885.359217,-30644.525999
1666.152182,6511.811733,-10881.027347,-2664.741391
1666.152500,-1149.143247,-21391.951724,15840.407159
1666.152817,-12027.699319,-26573.393318,20503.704593
1666.153134,-15704.957709,-27831.743419,33827.411549
1666.153451,-14402.595362,-29164.114115,40045.141462
1666.153769,-15092.081311,-25685.146187,40859.367998
1666.154086,-9882.631924,-22650.301825,40563.285622
1666.154403,-6511.811733,-3701.029710,31828.855506
1666.154721,-4749.792088,5477.523971,10214.842000
1666.155038,6741.640382,34863.699868,5699.585753
1666.155355,5132.839837,45300.603650,-7179.997637
1666.155673,14096.157163,40267.203245,-10214.842000
1666.155990,18079.853753,31680.814318,-20059.581028
1666.156307,21986.940793,16358.551318,-24426.796086
1666.156624,14632.424012,8364.327145,-33235.246796
1666.156942,10189.070123,-2220.617826,-16136.489536
1666.157259,-2834.553343,-18357.107362,17172.777854
1666.157576,-12257.527968,-23908.651927,22206.178260
1666.157894,-15934.786358,-28349.887579,35307.823433
1666.158211,-16854.100956,-27683.702231,37010.297100
1666.158528,-17926.634653,-29164.114115,38194.626607
1666.158845,-15168.690860,-27979.784608,47817.303853
1666.159163,-16317.834107,-18357.107362,36418.132346
1666.159480,-7660.954980,-444.123565,17616.901420
1666.159797,1685.410096,26425.352129,5329.482782
1666.160115,3907.087040,49075.653955,-8734.430116
1666.160432,14632.424012,41895.656317,-6735.874072
1666.160749,20224.921147,33161.226202,-19023.292709
1666.161066,20761.187996,22058.137072,-26203.290347
1666.161384,19918.482948,7698.141797,-22798.343014
1666.161701,13406.671215,6587.832884,-19245.354492
1666.162018,4136.915689,-7772.162391,-10436.903782
1666.162336,-5132.839837,-21243.910535,37972.564825
1666.162653,-16241.224558,-30422.464216,36048.029375
1666.162970,-13789.718964,-36196.070564,34345.555709
1666.163288,-8733.488677,-34419.576303,49075.653955
1666.163605,-12104.308868,-21836.075289,43376.068201
1666.163922,-6741.640382,-17542.880825,36344.111752
1666.164239,2374.896044,1480.411884,21021.848753
1666.164557,3447.429741,25315.043216,-3034.844362
1666.164874,11491.432470,38194.626607,-4145.153275
1666.165191,11261.603821,46114.830187,-6291.750507
1666.165509,24438.446386,29386.175897,-20133.601622
1666.165826,25510.980083,25167.002028,-30126.381839
1666.166143,21450.673944,9400.615463,-33309.267390
1666.166460,5286.058936,-10658.965565,-16580.613101
1666.166778,1762.019645,-26869.475695,16802.674883
1666.167095,-8656.879127,-26425.352129,21317.931130
1666.167412,-16394.443657,-30792.567187,25611.125593
1666.167730,-15475.129060,-36492.152941,41007.409187
1666.168047,-12410.747068,-26129.269753,42857.924042
1666.168364,-9116.536426,-22724.322419,44486.377114
1666.168682,-7890.783629,-4515.256246,37306.379477
1666.168999,-2451.505594,3701.029710,19467.416275
1666.169316,5439.278036,33087.205607,1776.494261
1666.169634,6281.983084,44560.397708,-13545.768739
1666.169951,15628.348159,34937.720462,2664.741391
1666.170268,13330.061665,34345.555709,-15766.386565
1666.170586,21527.283494,24870.919651,-33827.411549
1666.170903,16930.710506,9178.553681,-26499.372724
1666.171220,3907.087040,-0.000000,-15322.262999
1666.171538,-4060.306139,-14063.912898,11029.068536
1666.171855,-11644.651570,-23390.507767,20059.581028
1666.172172,-14019.547613,-32643.082042,27905.764013
1666.172490,-18692.730151,-25092.981434,35159.782245
1666.172807,-16471.053207,-33383.287984,44338.335926
1666.173124,-16624.272307,-33161.226202,41451.532752
1666.173442,-14096.157163,-21169.889941,39526.997303
1666.173759,-11338.213370,-1702.473667,19911.539840
1666.174076,-5592.497135,19245.354492,12805.562797
1666.174394,2528.115143,43079.985824,-5255.462188
1666.174711,8273.831378,50556.065839,-12213.398043
1666.175028,18309.682402,41007.409187,-18801.230927
1666.175346,20148.311597,27313.599260,-17172.777854
1666.175663,17466.977354,14137.933492,-32198.958477
1666.175981,11491.432470,3701.029710,-24130.713709
1666.176298,11491.432470,-1776.494261,-7846.182985
1666.176615,-11261.603821,-17098.757260,6735.874072
1666.176933,-10495.508323,-34567.617491,46336.891969
1666.177250,-19995.092498,-36344.111752,45374.624245
1666.177567,-10418.898773,-30496.484810,45448.644839
1666.177885,-14709.033562,-24648.857869,37898.544230
1666.178202,-11031.775171,-22280.198854,42561.841665
1666.178519,-7890.783629,-18653.189738,28275.866984
1666.178837,0.000000,16802.674883,5181.441594
1666.179154,5745.716235,33383.287984,-7920.203579
1666.179471,11874.480219,48409.468607,-6513.812290
1666.179789,27349.609279,44708.438897,-21762.054695
1666.180106,29188.238474,31606.793723,-30718.546593
1666.180423,26506.904231,16284.530724,-33827.411549
1666.180741,10955.165621,-2960.823768,-26203.290347
1666.181058,2834.553343,-25611.125593,4811.338623
1666.181375,-3140.991542,-27535.661042,15692.365970
1666.181693,-13636.499864,-29460.196492,24204.734303
1666.182010,-14632.424012,-32939.164419,42635.862259
1666.182327,-14096.157163,-32791.123231,49963.901085
1666.182645,-10878.556072,-28423.908173,47373.180288
1666.182962,-5132.839837,-6513.812290,43228.027013
1666.183280,766.095498,10140.821405,25389.063811
1666.183597,6128.763984,23390.507767,4293.194464
1666.183914,12180.918418,40563.285622,-14434.015869
1666.184232,14019.547613,39823.079680,-2368.659014
1666.184549,18845.949251,32272.979071,-10955.047942
1666.184866,21067.626195,23834.631332,-36122.049970
1666.185184,22676.426741,9474.636058,-32643.082042
1666.185501,5056.230287,-2220.617826,-14137.933492
1666.185818,-1149.143247,-19911.539840,12509.480420
1666.186136,-7814.174080,-22798.343014,15322.262999
1666.186453,-10878.556072,-28053.805202,29682.258274
1666.186770,-13100.233016,-30718.546593,37824.523636
1666.187088,-16088.005458,-29534.217086,38194.626607
1666.187405,-10495.508323,-29756.278868,42635.862259
1666.187722,-11108.384721,-19245.354492,39008.853143
1666.188040,-8886.707777,-1628.453072,20355.663405
1666.188357,1302.362347,24352.775492,11917.315666
1666.188674,6128.763984,49815.859897,-12583.501014
1666.188992,12487.356617,46336.891969,-7550.100608
1666.189309,16088.005458,37454.420665,-14434.015869
1666.189627,11568.042020,23760.610738,-25018.960840
1666.189944,18999.168350,10436.903782,-24204.734303
1666.190261,4443.353888,6587.832884,-19689.478057
1666.190579,-306.438199,-8956.491898,-4589.276840
1666.190896,-6894.859482,-23242.466579,34715.658680
1666.191213,-18233.072852,-29608.237680,31976.896694
1666.191531,-14862.252661,-35307.823433,36196.070564
1666.191848,-17237.148705,-26055.249158,45522.665433
1666.192165,-13713.109414,-25389.063811,45004.521274
1666.192483,-14172.766713,-19467.416275,32495.040854
1666.192800,-7737.564530,-7105.977043,18579.169144
1666.193117,-2604.724693,20503.704593,9474.636058
1666.193435,3294.210641,38860.811955,-4811.338623
1666.193752,9576.193725,44782.459491,-10510.924376
1666.194069,18616.120601,37528.441259,-18653.189738
1666.194387,23672.350888,26129.269753,-24944.940245
1666.194704,22216.769442,12213.398043,-30052.361245
1666.195021,10189.070123,6069.688724,-22280.198854
1666.195339,3830.477490,-14211.954086,0.000000
1666.195656,-5439.278036,-26573.393318,27831.743419
1666.195973,-15628.348159,-28497.928767,33235.246796
1666.196291,-15398.519510,-26425.352129,35899.988187
1666.196608,-14555.814462,-32421.020260,46040.809592
1666.196926,-10035.851024,-23834.631332,48779.571578
1666.197243,-9269.755526,-12583.501014,41673.594535
1666.197560,306.438199,666.185348,22576.281231
1666.197878,5439.278036,21614.013506,3775.050304
1666.198195,13176.842566,38120.606013,-11029.068536
1666.198512,13789.718964,40119.162056,-3478.967927
1666.198830,22063.550342,28571.949361,-14730.098246
1666.199147,24285.227287,28794.011144,-34197.514520
1666.199464,23825.569988,12213.398043,-35159.782245
1666.199782,6894.859482,-4441.235652,-17838.963202
1666.200099,1532.190996,-21465.972318,14285.974681
1666.200416,-6588.421283,-21688.034101,12583.501014
1666.200734,-14632.424012,-28868.031738,23464.528361
1666.201051,-14785.643111,-36418.132346,40563.285622
1666.201368,-17160.539155,-33235.246796,42635.862259
1666.201686,-11797.870669,-30200.402434,44486.377114
1666.202003,-6818.249932,-12657.521608,39156.894332
1666.202320,-4903.011187,2590.720797,19985.560434
1666.202638,5745.716235,20947.828159,8660.409521
1666.202955,9652.803275,40933.388593,-8956.491898
1666.203273,12947.013916,42191.738694,-5551.544565
1666.203590,16930.710506,31680.814318,-10955.047942
1666.203907,21374.064394,21465.972318,-25463.084405
1666.204225,21833.721693,11103.089130,-28349.887579
1666.204542,9806.022374,888.247130,-20281.642811
1666.204859,1915.238745,-6439.791695,-11917.315666
1666.205177,-4213.525239,-22058.137072,31162.670158
1666.205494,-14555.814462,-26425.352129,25685.146187
1666.205811,-12410.747068,-31458.752535,30274.423028
1666.206129,-9576.193725,-31606.793723,42561.841665
1666.206446,-12563.966167,-20503.704593,37972.564825
1666.206763,-9959.241474,-23686.590144,37898.544230
1666.207081,-9499.584175,-10584.944971,21243.910535
1666.207398,-689.485948,17098.757260,7624.121203
1666.207715,6052.154434,39452.976709,-4071.132681
1666.208033,5592.497135,49667.818708,-12583.501014
1666.208350,15475.129060,36344.111752,-13545.768739
1666.208667,15245.300410,24796.899057,-21021.848753
1666.208985,18156.463303,17394.839637,-27535.661042
1666.209302,4290.134789,1110.308913,-24278.754898
1666.209619,2145.067394,-19393.395680,16432.571912
1666.209937,-10572.117872,-21984.116477,13767.830521
1666.210254,-14479.204912,-26055.249158,20947.828159
1666.210572,-19228.997000,-29534.217086,37972.564825
1666.210889,-17313.758255,-29608.237680,43968.232955
1666.211206,-14938.862211,-26129.269753,44486.377114
1666.211524,-12027.699319,-13471.748144,37306.379477
1666.211841,-9116.536426,-5847.626942,24796.899057
1666.212158,-1762.019645,16950.716072,14582.057057
1666.212476,4673.182538,30496.484810,-3627.009116
1666.212793,7048.078582,37380.400071,-4959.379811
1666.213110,17773.415554,38268.647201,-11325.150913
1666.213428,26277.075581,29756.278868,-30348.443622
1666.213745,24208.617737,19023.292709,-30200.402434
1666.214062,18309.682402,10955.047942,-24796.899057
1666.214380,7737.564530,-4737.318029,-9326.594869
1666.214697,-4443.353888,-21317.931130,24574.837274
1666.215014,-15551.738609,-29534.217086,28423.908173
1666.215332,-18769.339701,-32198.958477,35307.823433
1666.215649,-12870.404366,-33013.185013,44116.274143
1666.215966,-14632.424012,-28497.928767,40785.347404
1666.216284,-13330.061665,-26795.455100,46188.850781
1666.216601,-7354.516781,-14582.057057,33975.452738
1666.216919,2528.115143,10066.800811,15470.304188
1666.217236,11031.775171,40489.265027,-296.082377
1666.217553,7354.516781,52554.621882,-14285.974681
1666.217871,18999.168350,36566.173535,-6439.791695
1666.218188,19075.777900,29978.340651,-19985.560434
1666.218505,24285.227287,19171.333898,-32272.979071
1666.218823,13559.890315,4959.379811,-29608.237680
1666.219140,7277.907231,-9696.697840,-6365.771101
1666.219457,-5056.230287,-18135.045579,8142.265362
1666.219775,-12180.918418,-26055.249158,29978.340651
1666.220092,-15092.081311,-33827.411549,35529.885216
1666.220409,-13406.671215,-28275.866984,41303.491564
1666.220727,-10035.851024,-28719.990550,43079.985824
1666.221044,-5592.497135,-23094.425390,43746.171172
1666.221361,-6281.983084,-14137.933492,32198.958477
1666.221679,1225.752797,1036.288319,15470.304188
1666.221996,8427.050478,28423.908173,74.020594
1666.222313,8733.488677,48335.448013,-15322.262999
1666.222631,15781.567259,42709.882853,-4737.318029
1666.222948,20531.359346,30866.587781,-21614.013506
1666.223265,23365.912689,23094.425390,-35751.946999
1666.223583,16317.834107,6513.812290,-30866.587781
1666.223900,2834.553343,-11251.130318,-10214.842000
1666.224218,-2451.505594,-23538.548956,13619.789333
1666.224535,-12334.137518,-27831.743419,23168.445985
1666.224852,-15858.176809,-28275.866984,26573.393318
1666.225170,-11874.480219,-32050.917289,40785.347404
1666.225487,-18156.463303,-25241.022622,41451.532752
1666.225804,-13330.061665,-28275.866984,46188.850781
1666.226122,-10035.851024,-15026.180623,37306.379477
1666.226439,-8273.831378,4145.153275,13989.892304
1666.226756,6205.373534,30792.567187,5107.421000
1666.227074,0.000000,49519.777520,-12509.480420
1666.227391,12640.575717,42561.841665,-8586.388927
1666.227708,17850.025103,33605.349767,-18949.272115
1666.228026,21757.112143,26055.249158,-30348.443622
1666.228343,16164.615008,11769.274478,-33679.370361
1666.228660,10495.508323,370.102971,-18283.086767
1666.228978,-5132.839837,-13767.830521,370.102971
1666.229295,-9652.803275,-26499.372724,35011.741057
1666.229612,-19305.606550,-33383.287984,37380.400071
1666.229930,-14632.424012,-24722.878463,33087.205607
1666.230247,-15628.348159,-31014.628970,41821.635723
1666.230565,-16930.710506,-29016.072926,46632.974346
1666.230882,-14632.424012,-28053.805202,40045.141462
1666.231199,-5515.887586,-8216.285956,19245.354492
1666.231517,919.314598,19985.560434,7846.182985
1666.231834,5822.325785,48705.550984,-5625.565159
1666.232151,13330.061665,46410.912563,-13915.871710
1666.232469,23289.303139,40785.347404,-15322.262999
1666.232786,24208.617737,26943.496289,-30570.505405
1666.233103,19765.263848,11991.336260,-32643.082042
1666.233421,13559.890315,2516.700203,-17690.922014
1666.233738,459.657299,-9622.677246,-7402.059420
1666.234055,-5056.230287,-30718.546593,36122.049970
1666.234373,-18769.339701,-31902.876100,41007.409187
1666.234690,-13866.328514,-35529.885216,39601.017897
1666.235007,-13483.280765,-32939.164419,51814.415940
1666.235325,-10878.556072,-23316.487173,50185.962868
1666.235642,-6052.154434,-16580.613101,41155.450375
1666.235959,689.485948,1258.350101,25241.022622
1666.236277,5515.887586,23612.569550,1850.514855
1666.236594,10955.165621,38342.667796,-10362.883188
1666.236911,8120.612279,41303.491564,-8438.347739
1666.237229,17237.148705,28719.990550,-15174.221811
1666.237546,23365.912689,24870.919651,-31976.896694
1666.237864,21450.673944,15100.201217,-38416.688390
1666.238181,8427.050478,-7476.080014,2886.803174
1666.238498,76.609550,-26499.372724,13767.830521
1666.238816,-8656.879127,-31236.690752,14656.077652
1666.239133,-12334.137518,-30348.443622,30718.546593
1666.239450,-15321.909960,-30052.361245,42043.697506
1666.239768,-8120.612279,-26351.331535,45004.521274
1666.240085,-5439.278036,-15618.345376,39304.935520
1666.240402,-4826.401637,-2812.782580,42561.841665
1666.240720,1225.752797,7772.162391,20429.683999
1666.241037,7354.516781,31606.793723,-1332.370696
1666.241354,10801.946522,39601.017897,-19023.292709
1666.241672,11721.261119,33605.349767,296.082377
1666.241989,13176.842566,28201.846390,-13619.789333
1666.242306,20378.140247,24278.754898,-40637.306216
1666.242624,17926.634653,8290.306550,-29978.340651
1666.242941,1378.971896,-2072.576638,-9474.636058
1666.243258,-3830.477490,-15470.304188,17616.901420
1666.243576,-11414.822920,-22502.260637,19023.292709
1666.243893,-13559.890315,-25907.207970,21836.075289
1666.244211,-18616.120601,-28423.908173,35899.988187
1666.244528,-19382.216099,-28349.887579,45152.562462
1666.244845,-13942.938064,-33235.246796,45226.583056
1666.245163,-15321.909960,-16210.510130,30792.567187
1666.245480,-9806.022374,296.082377,19023.292709
1666.245797,-919.314598,20355.663405,20355.663405
1666.246115,4290.134789,40415.244433,-12731.542202
1666.246432,10265.679673,47373.180288,-14211.954086
1666.246749,12334.137518,37010.297100,-20725.766376
1666.247067,20148.311597,19097.313304,-22724.322419
1666.247384,16930.710506,14582.057057,-31532.773129
1666.247701,12640.575717,7328.038826,-19171.333898
1666.248019,2068.457845,1036.288319,-11177.109724
1666.248336,-9959.241474,-21614.013506,33679.370361
1666.248653,-12334.137518,-28719.990550,35899.988187
1666.248971,-17160.539155,-38564.729578,38120.606013
1666.249288,-11184.994271,-27091.537477,52406.580694
1666.249605,-14402.595362,-22798.343014,45744.727216
1666.249923,-11338.213370,-23908.651927,33975.452738
1666.250240,-5822.325785,-15026.180623,31088.649564
1666.250557,2145.067394,19763.498651,9918.759623
1666.250875,7201.297681,41155.450375,-14211.954086
1666.251192,11874.480219,47225.139100,-8660.409521
1666.251510,24974.713235,34493.596897,-18727.210333
1666.251827,25204.541884,30866.587781,-34567.617491
1666.252144,26736.732880,13545.768739,-33753.390955
1666.252462,8503.660028,-3404.947333,-17024.736666
1666.252779,2374.896044,-23020.404796,11917.315666
1666.253096,-5745.716235,-27609.681637,18431.127956
1666.253414,-15475.129060,-29830.299463,28497.928767
1666.253731,-14172.766713,-36936.276506,44930.500679
1666.254048,-11031.775171,-33161.226202,52924.724853
1666.254366,-8886.707777,-22280.198854,50630.086433
1666.254683,-4903.011187,-3404.947333,38194.626607
1666.255000,1532.190996,9696.697840,18283.086767
1666.255318,13636.499864,27757.722825,7328.038826
1666.255635,12257.527968,38564.729578,-16876.695478
1666.255952,12563.966167,36936.276506,-3552.988522
1666.256270,19688.654299,25463.084405,-14285.974681
1666.256587,23136.084040,21984.116477,-42043.697506
1666.256904,23748.960438,7402.059420,-31680.814318
1666.257222,2987.772442,-8290.306550,-1776.494261
1666.257539,-1838.629195,-21910.095883,15248.242405
1666.257857,-10878.556072,-23168.445985,15026.180623
1666.258174,-15015.471761,-27461.640448,28423.908173
1666.258491,-18156.463303,-35677.926404,38046.585419
1666.258809,-11644.651570,-32421.020260,45892.768404
1666.259126,-12104.308868,-22650.301825,38564.729578
1666.259443,-8197.221829,-12139.377449,35233.802839
1666.259761,-6511.811733,-444.123565,19393.395680
1666.260078,4519.963438,28053.805202,8068.244768
1666.260395,7431.126331,48483.489201,-12583.501014
1666.260713,10725.336972,41007.409187,-9400.615463
1666.261030,12793.794817,35455.864622,-12583.501014
1666.261347,16088.005458,22650.301825,-30126.381839
1666.261665,17237.148705,11769.274478,-32124.937883
1666.261982,6741.640382,5181.441594,-17764.942608
1666.262299,-2451.505594,-7550.100608,2220.617826
1666.262617,-9499.584175,-22946.384202,36714.214723
1666.262934,-18386.291952,-33235.246796,27165.558071
1666.263251,-18539.511052,-31754.834912,34271.535115
1666.263569,-13713.109414,-29534.217086,47743.283259
1666.263886,-13789.718964,-27387.619854,45670.706621
1666.264203,-15475.129060,-25907.207970,30866.587781
1666.264521,-8886.707777,-12065.356855,23316.487173
1666.264838,-4290.134789,17024.736666,7105.977043
1666.265156,4903.011187,35974.008781,-6217.729913
1666.265473,8580.269578,51296.271781,-10510.924376
1666.265790,17390.367805,42413.800477,-21391.951724
1666.266108,25051.322785,25092.981434,-30348.443622
1666.266425,21374.064394,17542.880825,-34863.699868
1666.266742,14709.033562,2738.761985,-19689.478057
1666.267060,689.485948,-6513.812290,-12583.501014
1666.267377,-5439.278036,-30200.402434,33605.349767
1666.267694,-14862.252661,-27313.599260,32495.040854
1666.268011,-18233.072852,-30792.567187,33605.349767
1666.268329,-12257.527968,-35011.741057,55145.342679
1666.268646,-16164.615008,-24352.775492,49741.839302
1666.268963,-6818.249932,-16432.571912,43005.965230
1666.269281,-5209.449386,-8068.244768,24574.837274
1666.269598,6205.373534,19541.436869,14730.098246
1666.269915,10342.289223,39230.914926,-18653.189738
1666.270232,15321.909960,45004.521274,-5847.626942
1666.270550,25510.980083,32198.958477,-17098.757260
1666.270867,26353.685131,28942.052332,-39230.914926
1666.271184,28422.142976,14952.160028,-38416.688390
1666.271502,10955.165621,-5181.441594,-14508.036463
1666.271819,919.314598,-22502.260637,13175.665768
1666.272136,-6128.763984,-26573.393318,14211.954086
1666.272453,-14632.424012,-25389.063811,22872.363608
1666.272771,-16241.224558,-37676.482448,40711.326810
1666.273088,-12563.966167,-32865.143825,48557.509795
1666.273405,-13100.233016,-29682.258274,47373.180288
1666.273723,-3217.601092,-11843.295072,42635.862259
1666.274040,-3830.477490,2368.659014,25018.960840
1666.274357,10189.070123,23538.548956,10362.883188
1666.274674,12104.308868,42561.841665,-16432.571912
1666.274992,14172.766713,41007.409187,-8216.285956
1666.275309,17696.806004,30200.402434,-9326.594869
1666.275626,21757.112143,22502.260637,-33013.185013
1666.275943,21680.502593,14730.098246,-32865.143825
1666.276261,10342.289223,2220.617826,-11399.171507
1666.276578,-6511.811733,-9844.739029,-1998.556043
1666.276895,-5592.497135,-25833.187376,35677.926404
1666.277213,-15704.957709,-30644.525999,28201.846390
1666.277530,-14249.376263,-31606.793723,33827.411549
1666.277847,-14632.424012,-30792.567187,40415.244433
1666.278164,-10648.727422,-29534.217086,46188.850781
1666.278482,-8350.440928,-21021.848753,40785.347404
1666.278799,-7354.516781,-6143.709319,19763.498651
1666.279116,0.000000,18949.272115,6661.853478
1666.279434,6894.859482,45004.521274,-9622.677246
1666.279751,7584.345430,46632.974346,-11695.253884
1666.280068,12257.527968,35677.926404,-18061.024985
1666.280385,17007.320056,21243.910535,-21169.889941
1666.280703,16317.834107,16580.613101,-33605.349767
1666.281020,3294.210641,2590.720797,-18061.024985
1666.281337,536.266849,-19023.292709,23686.590144
1666.281655,-14862.252661,-28349.887579,20873.807564
1666.281972,-13406.671215,-33975.452738,21614.013506
1666.282289,-19688.654299,-30274.423028,36936.276506
1666.282606,-19612.044749,-29238.134709,48631.530389
1666.282924,-12563.966167,-23094.425390,46040.809592
1666.283241,-8273.831378,-10214.842000,38194.626607
1666.283558,-4213.525239,3404.947333,25241.022622
1666.283876,1149.143247,26647.413912,9178.553681
1666.284193,3907.087040,39082.873738,-10288.862594
1666.284510,9882.631924,30422.464216,-7179.997637
1666.284827,17007.320056,33975.452738,-5107.421000
1666.285145,26123.856482,24870.919651,-38860.811955
1666.285462,27732.657028,16506.592507,-36122.049970
1666.285779,17237.148705,8956.491898,-16506.592507
1666.286097,2834.553343,-1184.329507,-8956.491898
1666.286414,-5056.230287,-24426.796086,29312.155303
1666.286731,-16241.224558,-24574.837274,28942.052332
1666.287048,-16854.100956,-37232.358883,37602.461854
1666.287366,-14172.766713,-32346.999665,44264.315332
1666.287683,-14479.204912,-28053.805202,47003.077317
1666.288000,-6052.154434,-27609.681637,51444.312969
1666.288318,-6971.469032,-8512.368333,34345.555709
1666.288635,7048.078582,14878.139434,4145.153275
1666.288952,11721.261119,44264.315332,-13693.809927
1666.289269,13866.328514,48113.386230,-888.247130
1666.289587,20071.702048,30348.443622,-16432.571912
1666.289904,26583.513781,27461.640448,-31976.896694
1666.290221,26966.561530,16580.613101,-37602.461854
1666.290539,8197.221829,2442.679609,-22132.157666
1666.290856,229.828649,-12361.439231,-5477.523971
1666.291173,-3447.429741,-23316.487173,24130.713709
1666.291490,-16471.053207,-25092.981434,24056.693115
1666.291808,-16700.881856,-34789.679274,36344.111752
1666.292125,-14249.376263,-34863.699868,43079.985824
1666.292442,-14096.157163,-29164.114115,48483.489201
1666.292760,-3600.648841,-21836.075289,49889.880491
1666.293077,-7354.516781,-5107.421000,25241.022622
1666.293394,4136.915689,13101.645173,11769.274478
1666.293711,7814.174080,38490.708984,-8438.347739
1666.294029,6358.592633,45670.706621,-9030.512492
1666.294346,20224.921147,35529.885216,-9178.553681
1666.294663,19612.044749,31902.876100,-28645.969955
1666.294980,28728.581175,18209.066173,-32643.082042
1666.295298,9269.755526,3108.864956,-25463.084405
1666.295615,-1991.848295,-12213.398043,-4811.338623
1666.295932,-2298.286494,-24278.754898,22354.219448
1666.296250,-12793.794817,-22872.363608,23760.610738
1666.296567,-14402.595362,-28349.887579,31680.814318
1666.296884,-16624.272307,-31606.793723,40859.367998
1666.297201,-13330.061665,-28349.887579,49667.818708
1666.297519,-11184.994271,-20873.807564,41451.532752
1666.297836,-8427.050478,-6069.688724,28127.825796
1666.298153,-4060.306139,13915.871710,14359.995275
1666.298471,6588.421283,41451.532752,-5847.626942
1666.298788,2987.772442,45892.768404,-15988.448347
1666.299105,14709.033562,37454.420665,-7698.141797
1666.299422,20454.749797,26795.455100,-25611.125593
1666.299740,24821.494135,24056.693115,-33531.329173
1666.300057,8580.269578,8808.450710,-30348.443622
1666.300374,536.266849,-11251.130318,10066.800811
1666.300692,-10955.165621,-21317.931130,15248.242405
1666.301009,-14402.595362,-24426.796086,25537.104999
1666.301326,-23059.474490,-27313.599260,33013.185013
1666.301643,-21986.940793,-31310.711347,42117.718100
1666.301961,-17466.977354,-32939.164419,51000.189404
1666.302278,-12793.794817,-22798.343014,43005.965230
1666.302595,-13176.842566,-10436.903782,27905.764013
1666.302913,-1991.848295,7328.038826,24056.693115
1666.303230,7201.297681,31606.793723,-5255.462188
1666.303547,7354.516781,45596.686027,-11547.212695
1666.303864,13176.842566,39675.038491,-9992.780217
1666.304182,25587.589633,30348.443622,-18283.086767
1666.304499,26123.856482,24204.734303,-33679.370361
1666.304816,21144.235745,11029.068536,-29756.278868
1666.305134,8503.660028,3330.926739,-11473.192101
1666.305451,-4443.353888,-12435.459826,3404.947333
1666.305768,-7890.783629,-27017.516883,39378.956114
1666.306085,-18616.120601,-34271.535115,35381.844028
1666.306403,-14402.595362,-37454.420665,41673.594535
1666.306720,-12487.356617,-31754.834912,45522.665433
1666.307037,-8350.440928,-25315.043216,50482.045244
1666.307355,-5898.935335,-17320.819043,43302.047607
1666.307672,1532.190996,5551.544565,13027.624579
1666.307989,10955.165621,33753.390955,2886.803174
1666.308306,9652.803275,45966.788998,-15174.221811
1666.308624,20531.359346,43894.212361,-5551.544565
1666.308941,22676.426741,28275.866984,-24130.713709
1666.309258,28575.362075,22650.301825,-32050.917289
1666.309576,20454.749797,8586.388927,-34937.720462
1666.309893,4826.401637,-10066.800811,-10658.965565
1666.310210,1762.019645,-28423.908173,21243.910535
1666.310527,-12717.185267,-24500.816680,19615.457463
1666.310845,-14172.766713,-30126.381839,32865.143825
1666.311162,-15321.909960,-30866.587781,41377.512158
1666.311479,-14709.033562,-29682.258274,43820.191766
1666.311797,-5362.668486,-25241.022622,47373.180288
1666.312114,-3677.258390,-5255.462188,41599.573940
1666.312431,-1378.971896,6439.791695,13545.768739
1666.312748,10265.679673,31754.834912,2590.720797
1666.313066,6435.202183,43005.965230,-19023.292709
1666.313383,17007.320056,35974.008781,1850.514855
1666.313700,17083.929605,30496.484810,-20133.601622
1666.314017,22676.426741,26203.290347,-41451.532752
1666.314335,18386.291952,7105.977043,-33087.205607
1666.314652,-1149.143247,-5255.462188,-3701.029710
1666.314969,-4519.963438,-21984.116477,15840.407159
1666.315287,-14096.157163,-26425.352129,18209.066173
1666.315604,-14555.814462,-22428.240043,24648.857869
1666.315921,-19075.777900,-22946.384202,28571.949361
1666.316238,-17773.415554,-30940.608376,48261.427418
1666.316556,-14862.252661,-30570.505405,47151.118505
1666.316873,-11644.651570,-13693.809927,31902.876100
1666.317190,-6818.249932,1332.370696,18801.230927
1666.317508,1532.190996,23538.548956,14285.974681
1666.317825,2374.896044,41081.429781,-17764.942608
1666.318142,11951.089769,42561.841665,-13545.768739
1666.318459,15015.471761,37158.338288,-11843.295072
1666.318777,21067.626195,21984.116477,-31162.670158
1666.319094,21757.112143,16062.468941,-30940.608376
1666.319411,12180.918418,8438.347739,-20725.766376
1666.319729,153.219100,-4145.153275,-4293.194464
1666.320046,-6435.202183,-29756.278868,41007.409187
1666.320363,-15321.909960,-31236.690752,36862.255912
1666.320680,-13023.623466,-30126.381839,35233.802839
1666.320998,-10572.117872,-24056.693115,48927.612766
1666.321315,-6588.421283,-17246.798449,47373.180288
1666.321632,-2681.334243,-14730.098246,41229.470969
1666.321950,1608.800546,4515.256246,12139.377449
1666.322267,7660.954980,30644.525999,-3923.091493
1666.322584,13330.061665,41377.512158,-11177.109724
1666.322901,17696.806004,39749.059085,-16876.695478
1666.323219,22906.255390,33013.185013,-29608.237680
1666.323536,25127.932334,23168.445985,-37676.482448
1666.323853,14632.424012,1998.556043,-19467.416275
1666.324171,4979.620737,-14878.139434,14656.077652
1666.324488,-2681.334243,-26573.393318,25315.043216
1666.324805,-6128.763984,-29090.093521,21317.931130
1666.325122,-6511.811733,-25537.104999,39823.079680
1666.325440,-11568.042020,-23982.672521,45226.583056
1666.325757,-5362.668486,-17690.922014,46632.974346
1666.326074,2528.115143,6661.853478,34493.596897
1666.326392,4979.620737,26869.475695,16580.613101
1666.326709,11721.261119,33013.185013,-2442.679609
1666.327026,14249.376263,33901.432144,-16654.633695
1666.327343,10265.679673,28497.928767,-14878.139434
1666.327661,9729.412825,17024.736666,-10066.800811
1666.327978,9499.584175,7105.977043,-23242.466579
1666.328295,8580.269578,-4219.173869,-13101.645173
1666.328613,4136.915689,-15100.201217,24278.754898
1666.328930,-4213.525239,-15396.283594,25018.960840
1666.329247,-3830.477490,-16062.468941,20651.745782
1666.329564,-5592.497135,-15988.448347,28942.052332
1666.329882,-8733.488677,-15174.221811,34419.576303
1666.330199,-4903.011187,-3997.112087,23538.548956
1666.330516,2528.115143,12065.356855,15470.304188
1666.330834,8503.660028,23834.631332,13249.686362
1666.331151,5209.449386,24352.775492,-11399.171507
1666.331468,13406.671215,16950.716072,-5995.668130
1666.331785,12104.308868,9696.697840,-5995.668130
1666.332103,7431.126331,9474.636058,-11103.089130
1666.332420,3524.039291,2294.638420,-4885.359217
1666.332737,6741.640382,-4589.276840,15914.427753
1666.333055,2451.505594,-2590.720797,11547.212695
1666.333372,-612.876398,2516.700203,17912.983796
1666.333689,-3753.867940,-5699.585753,24648.857869
1666.334006,-4596.572988,-4219.173869,22280.198854
1666.334324,-3907.087040,-3701.029710,9770.718434
1666.334641,-5898.935335,-888.247130,6735.874072
1666.334958,-919.314598,1850.514855,16210.510130
1666.335275,2221.676944,3701.029710,14952.160028
1666.335593,4749.792088,4737.318029,1776.494261
1666.335910,4673.182538,2146.597232,9400.615463
1666.336227,2451.505594,2738.761985,9622.677246
1666.336545,3447.429741,888.247130,5921.647536
1666.336862,4443.353888,5107.421000,74.020594
1666.337179,4519.963438,9770.718434,2220.617826
1666.337496,6665.030833,10140.821405,7624.121203
1666.337814,6205.373534,9178.553681,3330.926739
1666.338131,3907.087040,3552.988522,6735.874072
1666.338448,2298.286494,-3923.091493,13989.892304
1666.338766,-995.924147,-2368.659014,11251.130318
1666.339083,-153.219100,-4737.318029,12065.356855
1666.339400,-2681.334243,-5107.421000,17468.860231
1666.339717,-1608.800546,-4441.235652,21391.951724
1666.340035,-1762.019645,1332.370696,15618.345376
1666.340352,536.266849,4441.235652,8882.471304
1666.340669,3370.820191,2664.741391,10140.821405
1666.340987,4903.011187,5995.668130,7254.018232
1666.341304,7048.078582,8586.388927,666.185348
1666.341621,7737.564530,7846.182985,-2072.576638
1666.341938,6741.640382,4885.359217,5403.503377
1666.342256,6588.421283,3627.009116,10584.944971
1666.342573,6281.983084,2738.761985,8364.327145
1666.342890,5592.497135,1332.370696,9918.759623
1666.343208,2681.334243,-2220.617826,12657.521608
1666.343525,2451.505594,-1702.473667,10955.047942
1666.343842,1378.971896,-2368.659014,8438.347739
1666.344159,1608.800546,-1924.535449,11399.171507
1666.344477,995.924147,-1924.535449,13249.686362
1666.344794,2911.162892,1480.411884,11843.295072
1666.345111,3753.867940,4737.318029,8586.388927
1666.345429,5745.716235,5625.565159,10510.924376
1666.345746,4903.011187,5255.462188,9252.574275
1666.346063,4826.401637,4959.379811,5255.462188
1666.346380,4903.011187,4737.318029,3552.988522
1666.346698,2528.115143,4367.215058,8364.327145
1666.347015,2221.676944,-296.082377,14582.057057
1666.347332,1991.848295,888.247130,10140.821405
1666.347650,2451.505594,2368.659014,11473.192101
1666.347967,2145.067394,296.082377,14285.974681
1666.348284,2451.505594,592.164754,9474.636058
1666.348601,3753.867940,1110.308913,5329.482782
1666.348919,3600.648841,-74.020594,7846.182985
1666.349236,2145.067394,962.267725,9696.697840
1666.349553,3140.991542,3627.009116,7105.977043
1666.349871,3677.258390,5255.462188,6735.874072
1666.350188,3524.039291,6143.709319,7476.080014
1666.350505,1991.848295,5551.544565,6809.894666
1666.350822,1762.019645,3923.091493,6217.729913
1666.351140,229.828649,444.123565,10362.883188
1666.351457,-1302.362347,-1850.514855,15174.221811
1666.351774,-1608.800546,-888.247130,16654.633695
1666.352092,1225.752797,2664.741391,13175.665768
1666.352409,3064.381992,3552.988522,9992.780217
1666.352726,5056.230287,5181.441594,7550.100608
1666.353043,7354.516781,6365.771101,3404.947333
1666.353361,8427.050478,6883.915261,-370.102971
1666.353678,7814.174080,5477.523971,2442.679609
1666.353995,5362.668486,3849.070898,7772.162391
1666.354312,2834.553343,3034.844362,9548.656652
1666.354630,459.657299,3330.926739,9252.574275
1666.354947,-1915.238745,1998.556043,13027.624579
1666.355264,-2604.724693,1036.288319,12731.542202
1666.355582,-1455.581446,1110.308913,10288.862594
1666.355899,-766.095498,-0.000000,10732.986159
1666.356216,229.828649,-2516.700203,15100.201217
1666.356533,1225.752797,-1258.350101,13841.851115
1666.356851,3294.210641,1998.556043,10658.965565
1666.357168,5056.230287,5403.503377,8882.471304
1666.357485,5822.325785,7105.977043,7254.018232
1666.357803,5745.716235,8290.306550,4811.338623
1666.358120,5439.278036,9252.574275,3775.050304
1666.358437,4290.134789,7476.080014,6069.688724
1666.358754,2604.724693,4515.256246,7179.997637
1666.359072,1915.238745,-0.000000,9696.697840
1666.359389,612.876398,-2590.720797,12139.377449
1666.359706,0.000000,-4589.276840,13841.851115
1666.360024,76.609550,-3404.947333,13249.686362
1666.360341,459.657299,-2516.700203,12213.398043
1666.360658,766.095498,222.061783,11991.336260
1666.360975,153.219100,2664.741391,11621.233289
1666.361293,459.657299,5107.421000,10732.986159
1666.361610,1225.752797,5699.585753,9326.594869
1666.361927,1225.752797,6439.791695,7624.121203
1666.362245,2451.505594,5699.585753,7772.162391
1666.362562,3753.867940,4515.256246,7550.100608
1666.362879,4519.963438,2442.679609,7550.100608
1666.363196,4519.963438,-222.061783,10362.883188
1666.363514,4519.963438,-0.000000,10881.027347
1666.363831,4979.620737,1036.288319,9326.594869
1666.364148,4673.182538,1776.494261,8512.368333
1666.364466,4519.963438,1406.391290,10288.862594
1666.364783,4060.306139,2590.720797,9104.533087
1666.365100,3753.867940,3775.050304,7476.080014
1666.365417,3524.039291,2812.782580,9178.553681
1666.365735,2987.772442,1184.329507,11621.233289
1666.366052,2374.896044,296.082377,11473.192101
1666.366369,1915.238745,1702.473667,9178.553681
1666.366687,2068.457845,1924.535449,9104.533087
1666.367004,2451.505594,1554.432478,9104.533087
1666.367321,3677.258390,1850.514855,8660.409521
1666.367638,3524.039291,1998.556043,8956.491898
1666.367956,2911.162892,888.247130,10436.903782
1666.368273,3064.381992,1258.350101,10214.842000
1666.368590,3677.258390,2220.617826,9400.615463
1666.368908,3907.087040,2368.659014,8734.430116
1666.369225,3217.601092,2812.782580,7698.141797
1666.369542,2757.943793,2738.761985,7402.059420
1666.369859,1608.800546,2146.597232,7402.059420
1666.370177,1149.143247,1406.391290,8734.430116
1666.370494,383.047749,148.041188,10288.862594
1666.370811,0.000000,-814.226536,11103.089130
1666.371129,-153.219100,-666.185348,10066.800811
1666.371446,-229.828649,-0.000000,9844.739029
1666.371763,383.047749,1184.329507,9474.636058
1666.372081,919.314598,2072.576638,8734.430116
1666.372398,76.609550,3552.988522,7402.059420
1666.372715,1532.190996,3034.844362,9770.718434
1666.373032,689.485948,2664.741391,9326.594869
1666.373350,1455.581446,592.164754,10066.800811
1666.373667,1455.581446,-74.020594,9696.697840
1666.373984,1149.143247,2146.597232,9178.553681
1666.374302,2298.286494,1554.432478,8660.409521
1666.374619,1838.629195,1554.432478,7994.224174
1666.374936,2757.943793,1110.308913,9696.697840
1666.375254,2068.457845,1628.453072,9844.739029
1666.375571,2374.896044,2590.720797,9326.594869
1666.375888,1991.848295,2220.617826,9474.636058
1666.376206,1608.800546,1702.473667,9992.780217
1666.376523,1685.410096,1554.432478,9548.656652
1666.376840,1378.971896,1702.473667,10214.842000
1666.377157,1378.971896,1184.329507,11991.336260
1666.377475,2374.896044,1184.329507,11843.295072
1666.377792,2604.724693,1110.308913,11325.150913
1666.378109,3370.820191,1628.453072,11621.233289
1666.378427,3830.477490,2516.700203,10584.944971
1666.378744,4290.134789,2960.823768,9622.677246
1666.379061,4443.353888,2886.803174,8882.471304
1666.379379,4519.963438,2812.782580,7994.224174
1666.379696,3907.087040,2812.782580,7402.059420
1666.380013,4903.011187,2294.638420,8956.491898
1666.380330,5132.839837,1036.288319,9326.594869
1666.380648,5056.230287,814.226536,9770.718434
1666.380965,4673.182538,962.267725,10510.924376
1666.381282,3830.477490,1184.329507,10584.944971
1666.381600,4060.306139,2516.700203,10362.883188
1666.381917,3830.477490,3849.070898,9548.656652
1666.382234,3983.696590,4663.297435,8882.471304
1666.382552,4213.525239,5255.462188,7846.182985
1666.382869,4749.792088,5403.503377,7105.977043
1666.383186,4749.792088,4959.379811,6513.812290
1666.383503,4673.182538,4441.235652,6809.894666
1666.383821,4213.525239,2960.823768,7179.997637
1666.384138,3447.429741,2368.659014,7402.059420
1666.384455,2374.896044,2146.597232,8734.430116
1666.384773,1762.019645,1554.432478,9400.615463
1666.385090,919.314598,2368.659014,9178.553681
1666.385407,1072.533697,3923.091493,9178.553681
1666.385725,1225.752797,4367.215058,8734.430116
1666.386042,995.924147,4737.318029,7476.080014
1666.386359,1455.581446,4589.276840,7328.038826
1666.386677,1302.362347,3701.029710,7698.141797
1666.386994,1915.238745,3182.885551,8216.285956
1666.387311,3140.991542,2516.700203,8734.430116
1666.387628,2911.162892,2516.700203,8882.471304
1666.387946,3600.648841,2886.803174,9030.512492
1666.388263,3983.696590,4441.235652,8364.327145
1666.388580,4903.011187,5107.421000,8586.388927
1666.388898,5439.278036,5773.606348,7994.224174
1666.389215,5822.325785,5329.482782,8364.327145
1666.389532,6358.592633,4737.318029,8142.265362
1666.389850,6588.421283,3701.029710,8660.409521
1666.390167,6818.249932,2886.803174,9474.636058
1666.390484,6741.640382,2220.617826,9918.759623
1666.390801,6435.202183,2590.720797,9548.656652
1666.391119,6665.030833,3108.864956,9918.759623
1666.391436,6511.811733,3627.009116,10066.800811
1666.391753,7048.078582,3330.926739,10436.903782
1666.392071,6358.592633,2886.803174,9622.677246
1666.392388,6281.983084,4071.132681,9992.780217
1666.392705,5822.325785,3849.070898,10436.903782
1666.393023,6128.763984,3997.112087,9548.656652
1666.393340,6588.421283,3923.091493,9400.615463
1666.393657,5439.278036,3627.009116,9474.636058
1666.393974,5132.839837,2368.659014,9696.697840
1666.394292,3907.087040,1702.473667,9918.759623
1666.394609,3064.381992,962.267725,10584.944971
1666.394926,1532.190996,666.185348,10807.006753
1666.395244,689.485948,814.226536,11399.171507
1666.395561,-229.828649,148.041188,11695.253884
1666.395878,-842.705048,148.041188,11843.295072
1666.396196,-1149.143247,814.226536,11769.274478
1666.396513,-689.485948,1184.329507,10955.047942
1666.396830,-306.438199,1702.473667,10140.821405
1666.397147,-383.047749,1258.350101,9918.759623
1666.397465,-153.219100,1184.329507,9474.636058
1666.397782,0.000000,740.205942,9030.512492
1666.398099,0.000000,444.123565,9252.574275
1666.398417,153.219100,-444.123565,9474.636058
1666.398734,459.657299,-0.000000,9770.718434
1666.399051,1225.752797,370.102971,9696.697840
1666.399369,1302.362347,814.226536,9918.759623
1666.399686,1685.410096,962.267725,10140.821405
1666.400003,1378.971896,1924.535449,9252.574275
1666.400321,1302.362347,3182.885551,7920.203579
1666.400638,1532.190996,3701.029710,7476.080014
1666.400955,1302.362347,3627.009116,6809.894666
1666.401272,1762.019645,3256.906145,6661.853478
1666.401590,1762.019645,1702.473667,7550.100608
1666.401907,1225.752797,-0.000000,9104.533087
1666.402224,612.876398,-1258.350101,10510.924376
1666.402542,766.095498,-1036.288319,11621.233289
1666.402859,919.314598,-148.041188,11769.274478
1666.403176,1608.800546,1036.288319,10658.965565
1666.403494,2374.896044,3478.967927,8512.368333
1666.403811,3064.381992,4811.338623,7328.038826
1666.404128,5209.449386,4737.318029,6365.771101
1666.404445,4979.620737,5329.482782,4811.338623
1666.404763,6358.592633,4367.215058,5403.503377
1666.405080,5362.668486,3330.926739,4959.379811
1666.405397,5056.230287,1998.556043,6883.915261
1666.405715,5056.230287,-74.020594,8882.471304
1666.406032,4213.525239,-0.000000,9696.697840
1666.406349,4213.525239,1258.350101,9474.636058
1666.406667,3907.087040,2220.617826,9400.615463
1666.406984,3753.867940,3034.844362,9400.615463
1666.407301,4290.134789,3108.864956,9178.553681
1666.407618,3830.477490,3552.988522,8586.388927
1666.407936,4136.915689,3923.091493,9030.512492
1666.408253,4136.915689,4367.215058,9178.553681
1666.408570,4519.963438,4737.318029,9474.636058
1666.408888,4979.620737,4071.132681,9770.718434
1666.409205,4443.353888,4145.153275,9696.697840
1666.409522,4749.792088,4071.132681,9622.677246
1666.409840,4903.011187,3256.906145,9252.574275
1666.410157,4596.572988,2886.803174,9474.636058
1666.410474,4903.011187,2368.659014,10436.903782
1666.410791,3524.039291,2368.659014,8290.306550
1666.411109,2987.772442,2294.638420,8364.327145
1666.411426,2451.505594,1258.350101,9474.636058
1666.411743,1838.629195,1110.308913,9844.739029
1666.412061,1608.800546,1184.329507,9474.636058
1666.412378,842.705048,888.247130,10510.924376
1666.412695,-306.438199,370.102971,11769.274478
1666.413013,-842.705048,-666.185348,13915.871710
1666.413330,-995.924147,370.102971,13249.686362
1666.413647,0.000000,2294.638420,12213.398043
1666.413965,229.828649,3404.947333,12139.377449
1666.414282,1378.971896,4589.276840,11843.295072
1666.414599,2451.505594,5403.503377,10140.821405
1666.414916,2834.553343,5921.647536,8438.347739
1666.415234,3294.210641,4959.379811,8290.306550
1666.415551,3370.820191,3330.926739,9178.553681
1666.415868,2987.772442,3034.844362,7476.080014
1666.416186,1915.238745,1480.411884,7994.224174
1666.416503,689.485948,-222.061783,9030.512492
1666.416820,383.047749,-814.226536,10288.862594
1666.417138,0.000000,-222.061783,10658.965565
1666.417455,-842.705048,444.123565,11103.089130
1666.417772,-1378.971896,666.185348,12583.501014
1666.418089,-536.266849,1850.514855,12139.377449
1666.418407,153.219100,3330.926739,11251.130318
1666.418724,689.485948,4663.297435,9696.697840
1666.419041,1915.238745,5403.503377,8808.450710
1666.419359,3907.087040,5995.668130,6883.915261
1666.419676,4903.011187,5773.606348,5921.647536
1666.419993,4826.401637,4589.276840,6809.894666
1666.420311,4903.011187,3256.906145,7624.121203
1666.420628,4366.744339,1702.473667,7698.141797
1666.420945,3753.867940,-296.082377,9104.533087
1666.421262,2681.334243,-1036.288319,11029.068536
1666.421580,2451.505594,-592.164754,11103.089130
1666.421897,3064.381992,1036.288319,10288.862594
1666.422214,3907.087040,1998.556043,10362.883188
1666.422532,4290.134789,3627.009116,9622.677246
1666.422849,5056.230287,5699.585753,7105.977043
1666.423166,6128.763984,6587.832884,6217.729913
1666.423484,6052.154434,6069.688724,6069.688724
1666.423801,5362.668486,5107.421000,6439.791695
1666.424118,4749.792088,4515.256246,5625.565159
1666.424435,3677.258390,2294.638420,6883.915261
1666.424753,1991.848295,-518.144159,9104.533087
1666.425070,1149.143247,-3182.885551,11325.150913
1666.425387,842.705048,-4885.359217,11991.336260
1666.425705,229.828649,-5403.503377,13101.645173
1666.426022,-459.657299,-5329.482782,14211.954086
1666.426339,-229.828649,-2960.823768,13323.706956
1666.426657,76.609550,-444.123565,11769.274478
1666.426974,689.485948,2590.720797,10066.800811
1666.427291,1991.848295,5181.441594,8438.347739
1666.427609,2374.896044,7105.977043,5477.523971
1666.427926,2604.724693,6883.915261,4145.153275
1666.428243,2068.457845,4663.297435,5773.606348
1666.428560,766.095498,1036.288319,7624.121203
1666.428878,306.438199,-1850.514855,8734.430116
1666.429195,-766.095498,-4293.194464,8956.491898
1666.429512,-1685.410096,-7550.100608,11473.192101
1666.429830,-2834.553343,-8364.327145,13693.809927
1666.430147,-3064.381992,-7994.224174,13915.871710
1666.430464,-3983.696590,-5551.544565,12657.521608
1666.430782,-3830.477490,-2886.803174,12657.521608
1666.431099,-4136.915689,-0.000000,12435.459826
1666.431416,-2145.067394,1332.370696,10214.842000
1666.431733,-1838.629195,3478.967927,7105.977043
1666.432051,-1608.800546,4515.256246,7031.956449
1666.432368,-1072.533697,3997.112087,7328.038826
1666.432685,153.219100,3997.112087,7105.977043
1666.433003,766.095498,3627.009116,6217.729913
1666.433320,459.657299,1924.535449,6291.750507
1666.433637,-1149.143247,-1628.453072,7105.977043
1666.433955,-2068.457845,-4367.215058,9548.656652
1666.434272,-2451.505594,-7105.977043,12879.583391
1666.434589,-3064.381992,-6587.832884,11843.295072
1666.434906,-2987.772442,-6365.771101,11769.274478
1666.435224,-3217.601092,-5403.503377,12879.583391
1666.435541,-3140.991542,-3849.070898,12509.480420
1666.435858,-2145.067394,-296.082377,11325.150913
1666.436176,0.000000,3404.947333,9178.553681
1666.436493,1762.019645,6587.832884,6365.771101
1666.436810,3217.601092,8808.450710,4811.338623
1666.437128,4826.401637,8438.347739,4145.153275
1666.437445,5362.668486,7476.080014,3330.926739
1666.437762,6511.811733,4145.153275,3923.091493
1666.438079,5056.230287,666.185348,4589.276840
1666.438397,3753.867940,-2590.720797,7105.977043
1666.438714,2834.553343,-5773.606348,11769.274478
1666.439031,1608.800546,-7476.080014,12879.583391
1666.439349,1072.533697,-7994.224174,15396.283594
1666.439666,-459.657299,-5995.668130,15174.221811
1666.439983,-842.705048,-3627.009116,15692.365970
1666.440301,536.266849,1332.370696,13323.706956
1666.440618,2604.724693,5329.482782,10510.924376
1666.440935,3524.039291,8882.471304,5551.544565
1666.441253,5132.839837,10214.842000,4293.194464
1666.441570,5439.278036,11547.212695,3775.050304
1666.441887,6894.859482,9400.615463,2886.803174
1666.442204,7048.078582,7105.977043,2294.638420
1666.442522,5056.230287,2368.659014,3404.947333
1666.442839,3447.429741,-3701.029710,8512.368333
1666.443156,1378.971896,-9178.553681,14211.954086
1666.443474,-689.485948,-10881.027347,15248.242405
1666.443791,-1455.581446,-10214.842000,16284.530724
1666.444108,-2068.457845,-7698.141797,16580.613101
1666.444426,-2221.676944,-4737.318029,18061.024985
1666.444743,-1762.019645,-0.000000,15692.365970
1666.445060,459.657299,5847.626942,8216.285956
1666.445377,2145.067394,9326.594869,5181.441594
1666.445695,1532.190996,10881.027347,3404.947333
1666.446012,3447.429741,11621.233289,3478.967927
1666.446329,4060.306139,11399.171507,3330.926739
1666.446647,4136.915689,8734.430116,4441.235652
1666.446964,2528.115143,3923.091493,4219.173869
1666.447281,-383.047749,-2368.659014,7920.203579
1666.447599,-1608.800546,-9178.553681,16284.530724
1666.447916,-3524.039291,-10881.027347,16876.695478
1666.448233,-2911.162892,-10955.047942,17246.798449
1666.448550,-3447.429741,-9770.718434,16950.716072
1666.448868,-4136.915689,-7624.121203,17394.839637
1666.449185,-1991.848295,-2960.823768,15618.345376
1666.449502,-306.438199,2368.659014,11695.253884
1666.449820,1302.362347,7772.162391,4811.338623
1666.450137,1608.800546,10807.006753,814.226536
1666.450454,1838.629195,12583.501014,1332.370696
1666.450772,3907.087040,11103.089130,2368.659014
1666.451089,3217.601092,8586.388927,2960.823768
1666.451406,2145.067394,4293.194464,2442.679609
1666.451723,-842.705048,-962.267725,4959.379811
1666.452041,-2757.943793,-8290.306550,14656.077652
1666.452358,-3983.696590,-13915.871710,16802.674883
1666.452675,-4443.353888,-15470.304188,18949.272115
1666.452993,-5515.887586,-15914.427753,21984.116477
1666.453310,-5975.544884,-12361.439231,21836.075289
1666.453627,-3524.039291,-7105.977043,20133.601622
1666.453945,-2374.896044,666.185348,12213.398043
1666.454262,1608.800546,5921.647536,9548.656652
1666.454579,2221.676944,11917.315666,2664.741391
1666.454897,3677.258390,15100.201217,-2738.761985
1666.455214,6588.421283,15026.180623,-1406.391290
1666.455531,6741.640382,12583.501014,-1850.514855
1666.455848,6128.763984,6809.894666,-3034.844362
1666.456166,3447.429741,148.041188,1554.432478
1666.456483,1685.410096,-9622.677246,11769.274478
1666.456800,-383.047749,-15544.324782,14063.912898
1666.457118,-766.095498,-18949.272115,18283.086767
1666.457435,-4060.306139,-20503.704593,21614.013506
1666.457752,-4290.134789,-16950.716072,23834.631332
1666.458070,-3217.601092,-8882.471304,22798.343014
1666.458387,-2068.457845,888.247130,14211.954086
1666.458704,3217.601092,8142.265362,8660.409521
1666.459021,3753.867940,16210.510130,0.000000
1666.459339,7201.297681,18579.169144,-4441.235652
1666.459656,9652.803275,20281.642811,-5773.606348
1666.459973,8427.050478,17024.736666,-3775.050304
1666.460291,9576.193725,10658.965565,-814.226536
1666.460608,6511.811733,6143.709319,-4589.276840
1666.460925,3140.991542,-4515.256246,6439.791695
1666.461243,0.000000,-17098.757260,17690.922014
1666.461560,-3447.429741,-21021.848753,18505.148550
1666.461877,-3907.087040,-22132.157666,21984.116477
1666.462194,-6358.592633,-18505.148550,23760.610738
1666.462512,-3600.648841,-11991.336260,23982.672521
1666.462829,-3524.039291,-3182.885551,18653.189738
1666.463146,689.485948,3775.050304,11695.253884
1666.463464,1532.190996,12213.398043,1036.288319
1666.463781,3064.381992,18875.251521,-6069.688724
1666.464098,7048.078582,20799.786970,-4959.379811
1666.464416,7584.345430,19171.333898,-3849.070898
1666.464733,8656.879127,15544.324782,-370.102971
1666.465050,5132.839837,11695.253884,-6217.729913
1666.465368,2451.505594,2220.617826,740.205942
1666.465685,-1838.629195,-12065.356855,17394.839637
1666.466002,-4673.182538,-20725.766376,21465.972318
1666.466319,-7048.078582,-22354.219448,21539.992912
1666.466637,-9269.755526,-21465.972318,24204.734303
1666.466954,-6818.249932,-18579.169144,28053.805202
1666.467271,-7277.907231,-9326.594869,23908.651927
1666.467589,-3447.429741,-2294.638420,19023.292709
1666.467906,-2221.676944,8512.368333,8216.285956
1666.468223,-536.266849,16654.633695,-1554.432478
1666.468541,4060.306139,22280.198854,-3478.967927
1666.468858,6894.859482,22872.363608,-3034.844362
1666.469175,7967.393179,20355.663405,-222.061783
1666.469492,6818.249932,18135.045579,-6883.915261
1666.469810,5439.278036,11029.068536,-7179.997637
1666.470127,2604.724693,-2294.638420,8438.347739
1666.470444,-1838.629195,-17394.839637,18209.066173
1666.470762,-2911.162892,-23760.610738,20947.828159
1666.471079,-5745.716235,-28349.887579,27091.537477
1666.471396,-8733.488677,-25537.104999,28942.052332
1666.471714,-6588.421283,-18875.251521,27979.784608
1666.472031,-4443.353888,-5847.626942,27535.661042
1666.472348,0.000000,3552.988522,19023.292709
1666.472666,459.657299,15914.427753,1110.308913
1666.472983,4826.401637,22724.322419,-3997.112087
1666.473300,8810.098227,25315.043216,-3478.967927
1666.473618,9576.193725,23094.425390,-2220.617826
1666.473935,11491.432470,23242.466579,-8216.285956
1666.474252,10878.556072,17468.860231,-12435.459826
1666.474570,8350.440928,3627.009116,-10066.800811
1666.474887,2298.286494,-14211.954086,12879.583391
1666.475204,-1378.971896,-27905.764013,24426.796086
1666.475522,-5592.497135,-28127.825796,20577.725188
1666.475839,-5362.668486,-27831.743419,28053.805202
1666.476156,-10418.898773,-22132.157666,30792.567187
1666.476474,-9499.584175,-15766.386565,31754.834912
1666.476791,-7277.907231,-4367.215058,26129.269753
1666.477108,-3677.258390,8956.491898,12583.501014
1666.477426,0.000000,20207.622217,-3330.926739
1666.477743,7890.783629,26055.249158,-5477.523971
1666.478060,10265.679673,25981.228564,-4219.173869
1666.478378,10342.289223,25092.981434,-6883.915261
1666.478695,11568.042020,19245.354492,-11991.336260
1666.479012,7584.345430,6143.709319,-14359.995275
1666.479330,2681.334243,-9326.594869,1332.370696
1666.479647,-1225.752797,-21688.034101,21910.095883
1666.479964,-7584.345430,-26647.413912,17987.004391
1666.480282,-7048.078582,-25389.063811,20059.581028
1666.480599,-6741.640382,-25315.043216,29386.175897
1666.480916,-10342.289223,-19097.313304,28275.866984
1666.481234,-8427.050478,-13693.809927,27609.681637
1666.481551,-4213.525239,518.144159,19837.519246
1666.481868,-1838.629195,15692.365970,4219.173869
1666.482186,5898.935335,22576.281231,-5551.544565
1666.482503,12487.356617,26203.290347,-5551.544565
1666.482820,12257.527968,29756.278868,-1480.411884
1666.483138,11951.089769,27017.516883,-11547.212695
1666.483455,15015.471761,21021.848753,-19245.354492
1666.483772,9959.241474,6513.812290,-14804.118840
1666.484090,3217.601092,-9474.636058,7105.977043
1666.484407,-3830.477490,-22872.363608,16802.674883
1666.484724,-8350.440928,-26647.413912,16950.716072
1666.485042,-7277.907231,-27165.558071,27757.722825
1666.485359,-12027.699319,-26647.413912,32939.164419
1666.485676,-11797.870669,-20281.642811,32346.999665
1666.485994,-9422.974625,-12435.459826,27017.516883
1666.486311,-7660.954980,-888.247130,21021.848753
1666.486628,-3294.210641,14878.139434,8438.347739
1666.486946,7048.078582,23686.590144,1110.308913
1666.487263,12180.918418,29238.134709,-8586.388927
1666.487580,11184.994271,33309.267390,-4737.318029
1666.487898,14249.376263,30200.402434,-13101.645173
1666.488215,13483.280765,21021.848753,-26351.331535
1666.488532,11031.775171,2368.659014,-8142.265362
1666.488850,2298.286494,-13175.665768,10362.883188
1666.489167,-2604.724693,-24500.816680,11917.315666
1666.489484,-8273.831378,-30792.567187,23390.507767
1666.489802,-8197.221829,-35307.823433,36936.276506
1666.490119,-17313.758255,-32198.958477,35307.823433
1666.490436,-12410.747068,-21169.889941,40267.203245
1666.490754,-10878.556072,-6291.750507,33457.308578
1666.491071,-6741.640382,11103.089130,17542.880825
1666.491388,-1302.362347,21169.889941,1924.535449
1666.491706,13100.233016,28127.825796,5181.441594
1666.492023,14172.766713,34567.617491,-3404.947333
1666.492340,12027.699319,36418.132346,-13397.727550
1666.492658,17007.320056,26943.496289,-14582.057057
1666.492975,19305.606550,20133.601622,-22354.219448
1666.493292,10418.898773,1184.329507,-6883.915261
1666.493610,3983.696590,-20799.786970,19689.478057
1666.493927,-4443.353888,-27239.578666,11769.274478
1666.494244,-6205.373534,-25463.084405,20873.807564
1666.494562,-11261.603821,-30126.381839,37750.503042
1666.494879,-16854.100956,-28497.928767,39601.017897
1666.495196,-10418.898773,-17764.942608,37898.544230
1666.495514,-11874.480219,-1702.473667,28645.969955
1666.495831,-6128.763984,10066.800811,12583.501014
1666.496148,383.047749,23834.631332,-4589.276840
1666.496466,15245.300410,27683.702231,2072.576638
1666.496783,12334.137518,32569.061448,-4367.215058
1666.497100,12947.013916,32124.937883,-13027.624579
1666.497418,13636.499864,24278.754898,-24426.796086
1666.497735,15551.738609,15618.345376,-24278.754898
1666.498052,4749.792088,-5995.668130,1850.514855
1666.498370,-229.828649,-25685.146187,24130.713709
1666.498687,-10112.460574,-29016.072926,10436.903782
1666.499004,-7431.126331,-27609.681637,24648.857869
1666.499322,-15015.471761,-28719.990550,37306.379477
1666.499639,-14555.814462,-28497.928767,42709.882853
1666.499956,-10648.727422,-16580.613101,36418.132346
1666.500274,-10112.460574,814.226536,21169.889941
1666.500591,-5975.544884,12361.439231,5699.585753
1666.500908,7890.783629,27461.640448,4811.338623
1666.501226,13483.280765,30792.567187,-6365.771101
1666.501543,11951.089769,34715.658680,-5995.668130
1666.501860,15321.909960,31310.711347,-15914.427753
1666.502178,17773.415554,24870.919651,-29682.258274
1666.502495,14785.643111,9548.656652,-22798.343014
1666.502812,8044.002729,-13915.871710,2220.617826
1666.503129,383.047749,-22354.219448,13619.789333
1666.503447,-8197.221829,-27683.702231,18209.066173
1666.503764,-7507.735880,-30644.525999,31828.855506
1666.504081,-16394.443657,-28053.805202,34641.638086
1666.504399,-14479.204912,-25907.207970,46632.974346
1666.504716,-12870.404366,-14285.974681,39452.976709
1666.505033,-9039.926876,2812.782580,19615.457463
1666.505351,-4060.306139,16358.551318,2960.823768
1666.505668,9193.145976,31384.731941,4515.256246
1666.505985,13253.452115,36122.049970,-666.185348
1666.506303,16854.100956,36270.091158,-11843.295072
1666.506620,16854.100956,32050.917289,-23834.631332
1666.506937,18156.463303,19615.457463,-24870.919651
1666.507255,13559.890315,444.123565,-21984.116477
1666.507572,9193.145976,-18209.066173,12065.356855
1666.507889,-1762.019645,-28719.990550,11177.109724
1666.508207,-6052.154434,-30422.464216,22502.260637
1666.508524,-8886.707777,-28423.908173,36862.255912
1666.508841,-20914.407095,-27757.722825,37528.441259
1666.509159,-11644.651570,-24500.816680,45522.665433
1666.509476,-14325.985813,-4737.318029,31162.670158
1666.509793,-7967.393179,8512.368333,15544.324782
1666.510111,1225.752797,23760.610738,1332.370696
1666.510428,11108.384721,31828.855506,-6365.771101
1666.510745,14785.643111,32643.082042,-1480.411884
1666.511063,15551.738609,34123.493926,-14137.933492
1666.511380,15168.690860,24204.734303,-28645.969955
1666.511697,14249.376263,10214.842000,-21836.075289
1666.512015,6052.154434,-11251.130318,5551.544565
1666.512332,1455.581446,-24056.693115,21688.034101
1666.512649,-8044.002729,-30570.505405,13545.768739
1666.512967,-5132.839837,-26795.455100,27979.784608
1666.513284,-14709.033562,-26721.434506,38194.626607
1666.513601,-15245.300410,-23982.672521,40711.326810
1666.513919,-10342.289223,-10955.047942,35085.761651
1666.514236,-8427.050478,888.247130,25315.043216
1666.514553,-2834.553343,19319.375086,6883.915261
1666.514871,5975.544884,26277.310941,-1406.391290
1666.515188,11491.432470,28201.846390,-7328.038826
1666.515505,12027.699319,30792.567187,-5107.421000
1666.515823,12717.185267,30200.402434,-19319.375086
1666.516140,13023.623466,19837.519246,-30718.546593
1666.516457,8197.221829,1332.370696,-10436.903782
1666.516775,0.000000,-19393.395680,19467.416275
1666.517092,-6818.249932,-29978.340651,14359.995275
1666.517409,-9346.365076,-30792.567187,21317.931130
1666.517727,-9039.926876,-33161.226202,38416.688390
1666.518044,-18079.853753,-25092.981434,35677.926404
1666.518361,-12027.699319,-18431.127956,37898.544230
1666.518679,-8580.269578,-6069.688724,31088.649564
1666.518996,-4366.744339,12805.562797,18949.272115
1666.519313,919.314598,29016.072926,592.164754
1666.519631,9116.536426,34123.493926,-9474.636058
1666.519948,13406.671215,30940.608376,4959.379811
1666.520265,12487.356617,30866.587781,-13545.768739
1666.520583,14096.157163,23686.590144,-24574.837274
1666.520900,17007.320056,9030.512492,-20651.745782
1666.521217,6588.421283,-5847.626942,-15914.427753
1666.521535,8350.440928,-24426.796086,20651.745782
1666.521852,-7354.516781,-27387.619854,15026.180623
1666.522169,-5975.544884,-29460.196492,26055.249158
1666.522487,-10342.289223,-31014.628970,36196.070564
1666.522804,-17926.634653,-25018.960840,38712.770767
1666.523121,-12793.794817,-18135.045579,38786.791361
1666.523439,-9576.193725,-5551.544565,24204.734303
1666.523756,-6435.202183,12139.377449,7920.203579
1666.524073,4979.620737,28868.031738,518.144159
1666.524391,14632.424012,35677.926404,1332.370696
1666.524708,18922.558801,36122.049970,-5551.544565
1666.525025,20148.311597,33827.411549,-20577.725188
1666.525343,17620.196454,19911.539840,-28275.866984
1666.525660,17237.148705,4441.235652,-19393.395680
1666.525977,12027.699319,-10881.027347,-9030.512492
1666.526295,2451.505594,-23760.610738,14211.954086
1666.526612,-3907.087040,-31754.834912,27757.722825
1666.526929,-6435.202183,-29756.278868,29090.093521
1666.527247,-11874.480219,-27091.537477,31162.670158
1666.527564,-16624.272307,-23538.548956,39156.894332
1666.527881,-14402.595362,-16358.551318,37602.461854
1666.528199,-8197.221829,962.267725,16284.530724
1666.528516,-4213.525239,14582.057057,2294.638420
1666.528833,9193.145976,29756.278868,2220.617826
1666.529151,9806.022374,36492.152941,-7031.956449
1666.529468,16700.881856,35233.802839,-7550.100608
1666.529785,16394.443657,30940.608376,-21910.095883
1666.530103,12870.404366,13915.871710,-25018.960840
1666.530420,5056.230287,-6439.791695,-4663.297435
1666.530737,383.047749,-21762.054695,20947.828159
1666.531055,-6205.373534,-31014.628970,11029.068536
1666.531372,-7660.954980,-31310.711347,23242.466579
1666.531689,-8273.831378,-31606.793723,40119.162056
1666.532007,-18309.682402,-24426.796086,36788.235317
1666.532324,-11721.261119,-20133.601622,42413.800477
1666.532641,-11874.480219,-518.144159,21095.869347
1666.532959,-7354.516781,13397.727550,13767.830521
1666.533276,-1149.143247,21391.951724,8290.306550
1666.533593,7967.393179,29534.217086,-5107.421000
1666.533911,6741.640382,35974.008781,-9696.697840
1666.534228,10112.460574,27091.537477,-9474.636058
1666.534545,10801.946522,19097.313304,-21169.889941
1666.534863,12793.794817,7698.141797,-22946.384202
1666.535180,612.876398,-8142.265362,3997.112087
1666.535497,-153.219100,-32495.040854,29090.093521
1666.535815,-7431.126331,-34049.473332,18949.272115
1666.536132,-11414.822920,-33161.226202,27979.784608
1666.536449,-11338.213370,-33309.267390,46410.912563
1666.536767,-12793.794817,-15988.448347,39526.997303
1666.537084,-6894.859482,296.082377,27165.558071
1666.537401,-2451.505594,11991.336260,17690.922014
1666.537719,-383.047749,26203.290347,2146.597232
1666.538036,10572.117872,32272.979071,518.144159
1666.538353,12334.137518,34567.617491,-1702.473667
1666.538671,14019.547613,30570.505405,-4885.359217
1666.538988,13483.280765,25537.104999,-21243.910535
1666.539305,17696.806004,14211.954086,-25241.022622
1666.539623,12793.794817,1628.453072,-18431.127956
1666.539940,6665.030833,-18949.272115,17690.922014
1666.540257,-4443.353888,-30126.381839,16284.530724
1666.540575,-6358.592633,-33679.370361,21317.931130
1666.540892,-9806.022374,-30718.546593,35011.741057
1666.541209,-17926.634653,-21021.848753,34493.596897
1666.541527,-9576.193725,-16728.654289,38860.811955
1666.541844,-11951.089769,-5033.400406,22724.322419
1666.542161,-5975.544884,8660.409521,10510.924376
1666.542479,0.000000,21836.075289,1184.329507
1666.542796,11031.775171,32124.937883,-518.144159
1666.543113,16624.272307,35603.905810,3552.988522
1666.543431,14479.204912,35159.782245,-14137.933492
1666.543748,14019.547613,21984.116477,-24352.775492
1666.544065,12027.699319,4737.318029,-19763.498651
1666.544383,7507.735880,-12139.377449,518.144159
1666.544700,5056.230287,-24796.899057,13175.665768
1666.545017,-5975.544884,-29164.114115,14211.954086
1666.545335,-4979.620737,-29904.320057,26055.249158
1666.545652,-10035.851024,-29460.196492,32569.061448
1666.545969,-15398.519510,-26055.249158,39675.038491
1666.546287,-15245.300410,-19171.333898,36640.194129
1666.546604,-12257.527968,-3701.029710,14285.974681
1666.546921,-4903.011187,9178.553681,8734.430116
1666.547239,2834.553343,22798.343014,4737.318029
1666.547556,12487.356617,36566.173535,-2368.659014
1666.547873,13406.671215,37454.420665,-7105.977043
1666.548191,14785.643111,33753.390955,-12435.459826
1666.548508,15475.129060,18727.210333,-20651.745782
1666.548825,10418.898773,2368.659014,-27609.681637
1666.549142,5592.497135,-16580.613101,10436.903782
1666.549460,3753.867940,-28423.908173,17616.901420
1666.549777,-8503.660028,-30866.587781,15396.283594
1666.550094,-6435.202183,-33531.329173,35529.885216
1666.550412,-14938.862211,-27461.640448,38120.606013
1666.550729,-12947.013916,-21021.848753,39749.059085
1666.551046,-15934.786358,-6365.771101,25981.228564
1666.551364,-9499.584175,3478.967927,15026.180623
1666.551681,-3753.867940,13175.665768,8438.347739
1666.551998,4060.306139,27831.743419,5847.626942
1666.552316,10342.289223,34715.658680,-444.123565
1666.552633,12104.308868,37676.482448,-5181.441594
1666.552950,12410.747068,31458.752535,-23094.425390
1666.553268,15092.081311,13545.768739,-25907.207970
1666.553585,9959.241474,-2368.659014,-13027.624579
1666.553902,3983.696590,-21021.848753,22946.384202
1666.554220,-3447.429741,-32939.164419,10066.800811
1666.554537,-6052.154434,-30496.484810,22058.137072
1666.554854,-9806.022374,-35455.864622,41081.429781
1666.555172,-18769.339701,-24574.837274,40045.141462
1666.555489,-8656.879127,-15026.180623,38342.667796
1666.555806,-9269.755526,3034.844362,20133.601622
1666.556124,-4213.525239,13915.871710,12583.501014
1666.556441,1838.629195,24352.775492,0.000000
1666.556758,10648.727422,34493.596897,-2664.741391
1666.557076,12180.918418,35307.823433,1850.514855
1666.557393,11721.261119,31384.731941,-8216.285956
1666.557710,11184.994271,24204.734303,-27165.558071
1666.558028,17696.806004,11843.295072,-24944.940245
1666.558345,6588.421283,-6735.874072,4441.235652
1666.558662,6511.811733,-27461.640448,26499.372724
1666.558980,-5669.106685,-29460.196492,9178.553681
1666.559297,-6358.592633,-31902.876100,25685.146187
1666.559614,-12257.527968,-30644.525999,41081.429781
1666.559932,-14938.862211,-16506.592507,42709.882853
1666.560249,-13023.623466,-10510.924376,27387.619854
1666.560566,-7124.688131,1332.370696,14211.954086
1666.560884,-2528.115143,14137.933492,13693.809927
1666.561201,5822.325785,26055.249158,6957.935855
1666.561518,12487.356617,33827.411549,-3775.050304
1666.561836,13483.280765,37380.400071,-2220.617826
1666.562153,12947.013916,32050.917289,-12139.377449
1666.562470,10955.165621,17912.983796,-23538.548956
1666.562788,12640.575717,444.123565,-18801.230927
1666.563105,2987.772442,-13397.727550,4885.359217
1666.563422,5669.106685,-28645.969955,20651.745782
1666.563740,-7737.564530,-31014.628970,13915.871710
1666.564057,-7431.126331,-34863.699868,34271.535115
1666.564374,-14709.033562,-34197.514520,41229.470969
1666.564692,-14555.814462,-20799.786970,42561.841665
1666.565009,-15551.738609,-9844.739029,29090.093521
1666.565326,-10648.727422,4885.359217,10584.944971
1666.565644,-1455.581446,19319.375086,5773.606348
1666.565961,5669.106685,30644.525999,2072.576638
1666.566278,10878.556072,31310.711347,6587.832884
1666.566596,12257.527968,34493.596897,-8734.430116
1666.566913,11874.480219,30570.505405,-25537.104999
1666.567230,15934.786358,13841.851115,-14359.995275
1666.567548,12487.356617,222.061783,-14285.974681
1666.567865,4749.792088,-10955.047942,-9548.656652
1666.568182,4979.620737,-29830.299463,21539.992912
1666.568500,-10035.851024,-33235.246796,23686.590144
1666.568817,-9193.145976,-36936.276506,32198.958477
1666.569134,-15858.176809,-28497.928767,35233.802839
1666.569452,-15245.300410,-19985.560434,42339.779882
1666.569769,-14632.424012,-11695.253884,29460.196492
1666.570086,-8733.488677,4145.153275,7328.038826
1666.570404,-2834.553343,10881.027347,5921.647536
1666.570721,9499.584175,33383.287984,7254.018232
1666.571038,14785.643111,40341.223839,1924.535449
1666.571355,16394.443657,40267.203245,-17246.798449
1666.571673,18386.291952,29238.134709,-20133.601622
1666.571990,19458.825649,15248.242405,-19763.498651
1666.572307,13789.718964,-518.144159,-18505.148550
1666.572625,8427.050478,-10140.821405,-13545.768739
1666.572942,1685.410096,-27831.743419,21465.972318
1666.573259,-7277.907231,-32643.082042,28423.908173
1666.573577,-9116.536426,-33457.308578,30866.587781
1666.573894,-16394.443657,-22502.260637,39897.100274
1666.574211,-14555.814462,-17616.901420,46336.891969
1666.574528,-11644.651570,-12435.459826,26129.269753
1666.574846,-8810.098227,1184.329507,6957.935855
1666.575163,-2528.115143,12509.480420,11177.109724
1666.575480,8044.002729,31088.649564,9252.574275
1666.575798,10725.336972,44264.315332,-7846.182985
1666.576115,15475.129060,40267.203245,-14656.077652
1666.576432,15781.567259,29312.155303,-18949.272115
1666.576750,16011.395908,13693.809927,-24648.857869
1666.577067,4519.963438,-3923.091493,-10066.800811
1666.577384,4903.011187,-25537.104999,24648.857869
1666.577702,-5286.058936,-33383.287984,9326.594869
1666.578019,-7584.345430,-34123.493926,20651.745782
1666.578336,-10572.117872,-35899.988187,46558.953752
1666.578653,-18386.291952,-25907.207970,44782.459491
1666.578971,-11874.480219,-14804.118840,38934.832549
1666.579288,-9806.022374,3330.926739,16728.654289
1666.579605,-4903.011187,10732.986159,16210.510130
1666.579923,5209.449386,22946.384202,12879.583391
1666.580240,9039.926876,34937.720462,-6735.874072
1666.580557,8886.707777,38416.688390,-3034.844362
1666.580875,12027.699319,30792.567187,-10584.944971
1666.581192,14096.157163,23390.507767,-24722.878463
1666.581509,20454.749797,11917.315666,-25759.166782
1666.581827,3370.820191,-5847.626942,-1850.514855
1666.582144,6894.859482,-31236.690752,25611.125593
1666.582461,-6894.859482,-33161.226202,11621.233289
1666.582778,-10189.070123,-35233.802839,27017.516883
1666.583096,-11874.480219,-38934.832549,48039.365636
1666.583413,-11491.432470,-16654.633695,42265.759288
1666.583730,-9576.193725,-1480.411884,28053.805202
1666.584048,-7124.688131,3034.844362,14952.160028
1666.584365,-3370.820191,16210.510130,6069.688724
1666.584682,8427.050478,32198.958477,2738.761985
1666.585000,10418.898773,38046.585419,-370.102971
1666.585317,13483.280765,31976.896694,1184.329507
1666.585634,12027.699319,31014.628970,-21614.013506
1666.585952,17160.539155,18579.169144,-27461.640448
1666.586269,13176.842566,1776.494261,-18579.169144
1666.586586,4826.401637,-14211.954086,8882.471304
1666.586903,1532.190996,-25537.104999,10732.986159
1666.587221,-10495.508323,-32272.979071,15766.386565
1666.587538,-9116.536426,-35529.885216,37528.441259
1666.587855,-17696.806004,-24648.857869,35307.823433
1666.588173,-13330.061665,-19541.436869,42191.738694
1666.588490,-12870.404366,-13841.851115,32198.958477
1666.588807,-8733.488677,3182.885551,9252.574275
1666.589125,-1991.848295,14508.036463,3404.947333
1666.589442,8350.440928,32865.143825,3478.967927
1666.589759,14019.547613,35751.946999,4737.318029
1666.590077,14096.157163,36492.152941,-13175.665768
1666.590394,12104.308868,26055.249158,-21391.951724
1666.590711,15015.471761,9770.718434,-18431.127956
1666.591028,8503.660028,-1924.535449,-17616.901420
1666.591346,6358.592633,-15026.180623,3108.864956
1666.591663,-1302.362347,-27239.578666,17098.757260
1666.591980,-7737.564530,-32865.143825,23834.631332
1666.592298,-8273.831378,-32124.937883,33161.226202
1666.592615,-15092.081311,-23464.528361,38416.688390
1666.592932,-14019.547613,-19689.478057,42561.841665
1666.593250,-10878.556072,-4589.276840,26277.310941
1666.593567,-7584.345430,6143.709319,6513.812290
1666.593884,1225.752797,16580.613101,2442.679609
1666.594202,9269.755526,31828.855506,2590.720797
1666.594519,11951.089769,37010.297100,518.144159
1666.594836,14402.595362,34937.720462,-13397.727550
1666.595153,16241.224558,23982.672521,-23686.590144
1666.595471,16471.053207,10214.842000,-19763.498651
1666.595788,8273.831378,-6217.729913,-9030.512492
1666.596105,7660.954980,-21688.034101,9474.636058
1666.596423,-5362.668486,-33975.452738,14656.077652
1666.596740,-6818.249932,-33753.390955,26055.249158
1666.597057,-10801.946522,-35085.761651,38934.832549
1666.597375,-14862.252661,-18135.045579,39304.935520
1666.597692,-12487.356617,-12805.562797,37898.544230
1666.598009,-8197.221829,592.164754,18801.230927
1666.598326,-4596.572988,9474.636058,6735.874072
1666.598644,5745.716235,27609.681637,5773.606348
1666.598961,8810.098227,35011.741057,-1110.308913
1666.599278,12640.575717,34271.535115,3701.029710
1666.599596,14555.814462,36196.070564,-17912.983796
1666.599913,16624.272307,21984.116477,-24130.713709
1666.600230,12487.356617,2516.700203,-18875.251521
1666.600548,5056.230287,-11473.192101,7179.997637
1666.600865,3524.039291,-26869.475695,15248.242405
1666.601182,-5822.325785,-33383.287984,18949.272115
1666.601500,-6588.421283,-34049.473332,34123.493926
1666.601817,-13866.328514,-29682.258274,38934.832549
1666.602134,-8656.879127,-16062.468941,42117.718100
1666.602451,-10342.289223,-4219.173869,32791.123231
1666.602769,-5822.325785,7328.038826,10807.006753
1666.603086,-306.438199,20429.683999,-2368.659014
1666.603403,9652.803275,36122.049970,-1924.535449
1666.603721,10035.851024,34345.555709,4589.276840
1666.604038,10265.679673,30126.381839,-1628.453072
1666.604355,10418.898773,25907.207970,-21169.889941
1666.604673,13483.280765,14730.098246,-17690.922014
1666.604990,4749.792088,-5995.668130,-6883.915261
1666.605307,5745.716235,-22724.322419,20133.601622
1666.605625,-1149.143247,-28053.805202,10362.883188
1666.605942,-7507.735880,-31458.752535,21095.869347
1666.606259,-7354.516781,-36418.132346,40785.347404
1666.606576,-16088.005458,-21836.075289,31014.628970
1666.606894,-10189.070123,-15470.304188,34641.638086
1666.607211,-8273.831378,-5477.523971,27387.619854
1666.607528,-6128.763984,13767.830521,6365.771101
1666.607846,1685.410096,23686.590144,-2146.597232
1666.608163,7507.735880,34641.638086,-740.205942
1666.608480,12717.185267,31236.690752,7994.224174
1666.608798,10418.898773,35677.926404,-14730.098246
1666.609115,9499.584175,19393.395680,-23538.548956
1666.609432,12870.404366,2072.576638,-14508.036463
1666.609750,1608.800546,-7105.977043,-6513.812290
1666.610067,5286.058936,-22280.198854,14878.139434
1666.610384,-4596.572988,-33901.432144,19245.354492
1666.610701,-7507.735880,-34863.699868,26129.269753
1666.611019,-9806.022374,-35825.967593,34641.638086
1666.611336,-14325.985813,-20059.581028,37898.544230
1666.611653,-12640.575717,-11029.068536,37084.317694
1666.611971,-9806.022374,2368.659014,11843.295072
1666.612288,-4443.353888,13915.871710,1332.370696
1666.612605,3370.820191,28423.908173,5181.441594
1666.612923,9729.412825,32124.937883,11399.171507
1666.613240,10648.727422,36640.194129,-9918.759623
1666.613557,14632.424012,29534.217086,-17616.901420
1666.613875,13176.842566,13989.892304,-12583.501014
1666.614192,12717.185267,740.205942,-18727.210333
1666.614509,4060.306139,-8882.471304,-17838.963202
1666.614826,6741.640382,-25167.002028,25315.043216
1666.615144,-7201.297681,-33975.452738,23094.425390
1666.615461,-7431.126331,-35529.885216,24574.837274
1666.615778,-8197.221829,-29460.196492,38564.729578
1666.616096,-12947.013916,-15840.407159,40563.285622
1666.616413,-12334.137518,-12139.377449,32717.102636
1666.616730,-6818.249932,3330.926739,3775.050304
1666.617048,-2068.457845,10658.965565,3849.070898
1666.617365,6971.469032,34937.720462,7254.018232
1666.617682,10495.508323,40563.285622,1258.350101
1666.618000,15781.567259,35529.885216,-9844.739029
1666.618317,17160.539155,31310.711347,-19615.457463
1666.618634,17696.806004,15322.262999,-17394.839637
1666.618951,6971.469032,-4663.297435,-14804.118840
1666.619269,7354.516781,-17172.777854,4959.379811
1666.619586,2221.676944,-27239.578666,14063.912898
1666.619903,-8120.612279,-32569.061448,25981.228564
1666.620221,-7814.174080,-38046.585419,37898.544230
1666.620538,-14019.547613,-22576.281231,37084.317694
1666.620855,-12487.356617,-18283.086767,41821.635723
1666.621173,-11031.775171,-2368.659014,26573.393318
1666.621490,-6971.469032,9326.594869,5107.421000
1666.621807,1149.143247,18579.169144,-148.041188
1666.622124,5362.668486,33975.452738,6217.729913
1666.622442,9882.631924,35529.885216,6661.853478
1666.622759,9422.974625,33975.452738,-11843.295072
1666.623076,14096.157163,23020.404796,-21465.972318
1666.623394,12104.308868,6809.894666,-14582.057057
1666.623711,3294.210641,-6513.812290,-6587.832884
1666.624028,4290.134789,-24944.940245,19911.539840
1666.624346,-4826.401637,-35381.844028,18135.045579
1666.624663,-8120.612279,-32717.102636,22058.137072
1666.624980,-8886.707777,-31384.731941,42191.738694
1666.625298,-13253.452115,-21984.116477,45004.521274
1666.625615,-11108.384721,-10066.800811,32124.937883
1666.625932,-8044.002729,4589.276840,11325.150913
1666.626249,-2528.115143,15618.345376,10881.027347
1666.626567,4519.963438,28794.011144,1480.411884
1666.626884,6128.763984,36492.152941,-1554.432478
1666.627201,13253.452115,32643.082042,3997.112087
1666.627519,12180.918418,34567.617491,-15396.283594
1666.627836,13789.718964,18357.107362,-22206.178260
1666.628153,11568.042020,1036.288319,-14359.995275
1666.628471,3830.477490,-10807.006753,-3108.864956
1666.628788,2757.943793,-21317.931130,10732.986159
1666.629105,-5592.497135,-35085.761651,25537.104999
1666.629423,-9193.145976,-38490.708984,31384.731941
1666.629740,-13406.671215,-31976.896694,37306.379477
1666.630057,-11644.651570,-14952.160028,38786.791361
1666.630374,-11184.994271,-8216.285956,31014.628970
1666.630692,-8963.317327,6513.812290,3701.029710
1666.631009,-2374.896044,15100.201217,4367.215058
1666.631326,4826.401637,32791.123231,6587.832884
1666.631644,10495.508323,30644.525999,4367.215058
1666.631961,14632.424012,35381.844028,-9844.739029
1666.632278,10955.165621,30644.525999,-26721.434506
1666.632596,14096.157163,12731.542202,-12139.377449
1666.632913,12257.527968,-2442.679609,-11547.212695
1666.633230,2604.724693,-7772.162391,-18505.148550
1666.633548,5056.230287,-27165.558071,27757.722825
1666.633865,-9806.022374,-33753.390955,25981.228564
1666.634182,-5362.668486,-39008.853143,29756.278868
1666.634499,-10342.289223,-28645.969955,37380.400071
1666.634817,-14172.766713,-14656.077652,42635.862259
1666.635134,-10725.336972,-11103.089130,28942.052332
1666.635451,-4903.011187,7031.956449,-2516.700203
1666.635769,0.000000,16432.571912,3478.967927
1666.636086,6971.469032,37528.441259,9696.697840
1666.636403,11261.603821,41599.573940,0.000000
1666.636721,14709.033562,37528.441259,-12805.562797
1666.637038,18309.682402,25981.228564,-16136.489536
1666.637355,14785.643111,11473.192101,-22058.137072
1666.637673,6511.811733,-9622.677246,-15988.448347
1666.637990,6665.030833,-22502.260637,9918.759623
1666.638307,-3447.429741,-31014.628970,14804.118840
1666.638624,-6511.811733,-35529.885216,24500.816680
1666.638942,-7277.907231,-31606.793723,35233.802839
1666.639259,-14096.157163,-20799.786970,38564.729578
1666.639576,-14096.157163,-16950.716072,41007.409187
1666.639894,-11414.822920,-2960.823768,16136.489536
1666.640211,-5975.544884,4293.194464,7254.018232
1666.640528,459.657299,20059.581028,6217.729913
1666.640846,6052.154434,37306.379477,5699.585753
1666.641163,12410.747068,38786.791361,-2886.803174
1666.641480,14862.252661,34419.576303,-15248.242405
1666.641798,15092.081311,21836.075289,-20207.622217
1666.642115,10495.508323,4663.297435,-19023.292709
1666.642432,2298.286494,-7550.100608,-5329.482782
1666.642749,5975.544884,-25389.063811,18357.107362
1666.643067,-7584.345430,-34345.555709,19097.313304
1666.643384,-10035.851024,-36122.049970,24944.940245
1666.643701,-8044.002729,-34789.679274,42635.862259
1666.644019,-12104.308868,-19467.416275,44190.294737
1666.644336,-10648.727422,-9326.594869,34271.535115
1666.644653,-8656.879127,9992.780217,4515.256246
1666.644971,-1608.800546,16728.654289,7031.956449
1666.645288,5209.449386,32272.979071,2368.659014
1666.645605,9499.584175,37084.317694,8808.450710
1666.645922,9959.241474,34493.596897,-11843.295072
1666.646240,13559.890315,29534.217086,-15914.427753
1666.646557,12563.966167,16802.674883,-15174.221811
1666.646874,9269.755526,4737.318029,-12435.459826
1666.647192,919.314598,-14285.974681,5403.503377
1666.647509,2068.457845,-30126.381839,20355.663405
1666.647826,-8350.440928,-34493.596897,20947.828159
1666.648144,-12334.137518,-34715.658680,35677.926404
1666.648461,-11797.870669,-30940.608376,43968.232955
1666.648778,-11414.822920,-12657.521608,40859.367998
1666.649096,-6971.469032,-1184.329507,26943.496289
1666.649413,-7660.954980,10732.986159,-4293.194464
1666.649730,459.657299,20207.622217,5625.565159
1666.650047,4903.011187,35307.823433,6143.709319
1666.650365,10112.460574,38268.647201,296.082377
1666.650682,12180.918418,31088.649564,-12805.562797
1666.650999,12410.747068,21317.931130,-20873.807564
1666.651317,12180.918418,7254.018232,-19097.313304
1666.651634,1838.629195,-9400.615463,-10584.944971
1666.651951,6052.154434,-28201.846390,18653.189738
1666.652269,-2528.115143,-35529.885216,20799.786970
1666.652586,-9039.926876,-37972.564825,18727.210333
1666.652903,-7584.345430,-32569.061448,36936.276506
1666.653221,-9959.241474,-19023.292709,45670.706621
1666.653538,-11108.384721,-8068.244768,35529.885216
1666.653855,-7967.393179,4515.256246,11843.295072
1666.654172,-5056.230287,14063.912898,-1702.473667
1666.654490,4903.011187,31532.773129,3034.844362
1666.654807,10878.556072,30792.567187,15914.427753
1666.655124,10189.070123,34049.473332,-9400.615463
1666.655442,15321.909960,26351.331535,-20503.704593
1666.655759,14249.376263,14137.933492,-13249.686362
1666.656076,11184.994271,1110.308913,-12435.459826
1666.656394,4903.011187,-3404.947333,-20651.745782
1666.656711,7507.735880,-25241.022622,26647.413912
1666.657028,-6052.154434,-31532.773129,19393.395680
1666.657346,-6894.859482,-33161.226202,28275.866984
1666.657663,-4826.401637,-29312.155303,38194.626607
1666.657980,-14172.766713,-15396.283594,35825.967593
1666.658297,-8427.050478,-16136.489536,35529.885216
1666.658615,-6665.030833,1628.453072,-1258.350101
1666.658932,-1915.238745,12435.459826,74.020594
1666.659249,3140.991542,37084.317694,8956.491898
1666.659567,10265.679673,39230.914926,3182.885551
1666.659884,16547.662757,33975.452738,-10955.047942
1666.660201,14479.204912,24278.754898,-19467.416275
1666.660519,11031.775171,14285.974681,-16950.716072
1666.660836,4826.401637,-4515.256246,-18209.066173
1666.661153,4826.401637,-17616.901420,962.267725
1666.661471,2145.067394,-29312.155303,19911.539840
1666.661788,-8963.317327,-32939.164419,21095.869347
1666.662105,-7967.393179,-35825.967593,38712.770767
1666.662422,-10112.460574,-24056.693115,42339.779882
1666.662740,-13253.452115,-17542.880825,47151.118505
1666.663057,-9193.145976,-1258.350101,24944.940245
1666.663374,-6052.154434,15100.201217,-2368.659014
1666.663692,1455.581446,27905.764013,-1998.556043
1666.664009,1838.629195,34863.699868,15544.324782
1666.664326,10035.851024,35825.967593,-888.247130
1666.664644,14709.033562,35751.946999,-21465.972318
1666.664961,13636.499864,22132.157666,-19837.519246
1666.665278,6588.421283,7698.141797,-9992.780217
1666.665596,3600.648841,-6069.688724,-7105.977043
1666.665913,3753.867940,-20059.581028,11177.109724
1666.666230,-4136.915689,-36196.070564,26277.310941
1666.666547,-13559.890315,-32495.040854,24796.899057
1666.666865,-6128.763984,-31902.876100,40637.306216
1666.667182,-9806.022374,-19467.416275,42117.718100
1666.667499,-10572.117872,-12435.459826,41155.450375
1666.667817,-6511.811733,2886.803174,10881.027347
1666.668134,-2374.896044,18579.169144,-3478.967927
1666.668451,2374.896044,32939.164419,-9104.533087
1666.668769,9193.145976,36344.111752,18949.272115
1666.669086,13713.109414,30644.525999,-7698.141797
1666.669403,12257.527968,33383.287984,-29904.320057
1666.669721,11031.775171,16580.613101,-13767.830521
1666.670038,6894.859482,-2590.720797,-6291.750507
1666.670355,5975.544884,-16876.695478,8808.450710
1666.670672,-766.095498,-31458.752535,13545.768739
1666.670990,-8120.612279,-34567.617491,25463.084405
1666.671307,-7890.783629,-37898.544230,35455.864622
1666.671624,-8810.098227,-26277.310941,41081.429781
1666.671941,-10955.165621,-15248.242405,42635.862259
1666.672259,-6511.811733,-2294.638420,29904.320057
1666.672576,-7660.954980,13323.706956,-5995.668130
1666.672893,3140.991542,27609.681637,370.102971
1666.673210,2681.334243,35751.946999,14359.995275
1666.673528,8427.050478,34937.720462,-3478.967927
1666.673845,18922.558801,30940.608376,-12583.501014
1666.674162,10572.117872,21465.972318,-20281.642811
1666.674479,8503.660028,5773.606348,-17690.922014
1666.674797,8427.050478,-7772.162391,-11769.274478
1666.675114,6358.592633,-17172.777854,7994.224174
1666.675431,-2757.943793,-34789.679274,25537.104999
1666.675749,-11031.775171,-40933.388593,23686.590144
1666.676066,-4136.915689,-29312.155303,39823.079680
1666.676383,-12563.966167,-17246.798449,35529.885216
1666.676700,-12410.747068,-20947.828159,44412.356520
1666.677018,-9422.974625,-4515.256246,11177.109724
1666.677335,-2298.286494,12213.398043,666.185348
1666.677652,3064.381992,32272.979071,-814.226536
1666.677969,9806.022374,33679.370361,12879.583391
1666.678287,17390.367805,35307.823433,-10288.862594
1666.678604,16930.710506,32272.979071,-30200.402434
1666.678921,14249.376263,12287.418637,-9844.739029
1666.679238,8580.269578,-3478.967927,-12953.603985
1666.679556,7660.954980,-6661.853478,-21762.054695
1666.679873,2451.505594,-25981.228564,11695.253884
1666.680190,-7201.297681,-32421.020260,27535.661042
1666.680508,-5592.497135,-32569.061448,32865.143825
1666.680825,-4903.011187,-24500.816680,42709.882853
1666.681142,-14325.985813,-18357.107362,42635.862259
1666.681459,-10648.727422,-12435.459826,35085.761651
1666.681777,-7354.516781,4663.297435,-2664.741391
1666.682094,-1532.190996,17542.880825,-1554.432478
1666.682411,-1302.362347,29386.175897,14878.139434
1666.682728,8580.269578,37158.338288,3849.070898
1666.683046,16394.443657,42339.779882,-18283.086767
1666.683363,15015.471761,27683.702231,-19689.478057
1666.683680,7124.688131,11843.295072,-14434.015869
1666.683997,5362.668486,-9030.512492,-12435.459826
1666.684315,2298.286494,-18061.024985,4145.153275
1666.684632,-3983.696590,-38120.606013,23020.404796
1666.684949,-9193.145976,-34937.720462,20281.642811
1666.685267,-5362.668486,-29534.217086,37084.317694
1666.685584,-10035.851024,-19911.539840,41007.409187
1666.685901,-14096.157163,-18061.024985,48631.530389
1666.686218,-8886.707777,-2590.720797,17690.922014
1666.686536,-3907.087040,14434.015869,-5921.647536
1666.686853,2604.724693,26203.290347,-1406.391290
1666.687170,2834.553343,33087.205607,12139.377449
1666.687487,12257.527968,31828.855506,-2960.823768
1666.687805,12870.404366,37232.358883,-24130.713709
1666.688122,13636.499864,25167.002028,-18505.148550
1666.688439,9193.145976,888.247130,-10807.006753
1666.688756,7507.735880,-16210.510130,11177.109724
1666.689074,-1991.848295,-29830.299463,7105.977043
1666.689391,-5669.106685,-36196.070564,24574.837274
1666.689708,-8427.050478,-38416.688390,31236.690752
1666.690026,-11261.603821,-27461.640448,38490.708984
1666.690343,-6818.249932,-18209.066173,45152.562462
1666.690660,-8810.098227,-888.247130,31384.731941
1666.690977,-4979.620737,15100.201217,1480.411884
1666.691295,1991.848295,27017.516883,-6883.915261
1666.691612,4443.353888,34197.514520,7550.100608
1666.691929,12717.185267,28719.990550,9326.594869
1666.692246,13330.061665,34419.576303,-13397.727550
1666.692564,9269.755526,24870.919651,-26721.434506
1666.692881,8580.269578,2960.823768,-10214.842000
1666.693198,8580.269578,-7550.100608,-5551.544565
1666.693515,5669.106685,-14582.057057,9104.533087
1666.693833,-1608.800546,-32643.082042,27535.661042
1666.694150,-9882.631924,-36344.111752,20059.581028
1666.694467,-5745.716235,-34049.473332,35455.864622
1666.694785,-9346.365076,-18209.066173,41525.553346
1666.695102,-11491.432470,-14211.954086,41599.573940
1666.695419,-7048.078582,-1184.329507,16506.592507
1666.695736,-4290.134789,16136.489536,-3404.947333
1666.696054,5898.935335,30274.423028,1702.473667
1666.696371,9039.926876,40119.162056,17838.963202
1666.696688,12793.794817,35751.946999,-7920.203579
1666.697005,16471.053207,32717.102636,-20651.745782
1666.697323,11644.651570,14434.015869,-13175.665768
1666.697640,6128.763984,296.082377,-15914.427753
1666.697957,2451.505594,-13693.809927,-12731.542202
1666.698274,5669.106685,-27091.537477,21688.034101
1666.698592,-10572.117872,-32569.061448,19097.313304
1666.698909,-7354.516781,-34345.555709,29830.299463
1666.699226,-5515.887586,-28423.908173,37898.544230
1666.699544,-11797.870669,-15692.365970,38638.750172
1666.699861,-10342.289223,-14063.912898,38712.770767
1666.700178,-11108.384721,5847.626942,-888.247130
1666.700495,-6971.469032,16876.695478,-1776.494261
1666.700813,-229.828649,30348.443622,16506.592507
1666.701130,7584.345430,35899.988187,1850.514855
1666.701447,16700.881856,36862.255912,-12065.356855
1666.701764,11951.089769,23760.610738,-19615.457463
1666.702082,5056.230287,11177.109724,-16950.716072
1666.702399,8656.879127,-6809.894666,-12213.398043
1666.702716,153.219100,-9400.615463,-12731.542202
1666.703033,4290.134789,-32272.979071,29534.217086
1666.703351,-12257.527968,-34123.493926,21836.075289
1666.703668,-4903.011187,-31828.855506,33087.205607
1666.703985,-6971.469032,-25981.228564,43820.191766
1666.704303,-13866.328514,-16654.633695,44486.377114
1666.704620,-8886.707777,-8142.265362,24426.796086
1666.704937,-1915.238745,9400.615463,-370.102971
1666.705254,76.609550,25685.146187,-1628.453072
1666.705572,2987.772442,38564.729578,10732.986159
1666.705889,14019.547613,34789.679274,3849.070898
1666.706206,18309.682402,38860.811955,-20947.828159
1666.706523,19305.606550,25907.207970,-20355.663405
1666.706841,10418.898773,8068.244768,-21539.992912
1666.707158,7890.783629,-13915.871710,-13471.748144
1666.707475,8580.269578,-23834.631332,9696.697840
1666.707792,-7048.078582,-33013.185013,21317.931130
1666.708110,-5286.058936,-37898.544230,26351.331535
1666.708427,-6281.983084,-29460.196492,38786.791361
1666.708744,-11797.870669,-21317.931130,43894.212361
1666.709062,-12257.527968,-13323.706956,40785.347404
1666.709379,-6818.249932,8586.388927,15174.221811
1666.709696,-4366.744339,16358.551318,-6291.750507
1666.710013,-153.219100,30200.402434,3034.844362
1666.710331,9422.974625,31162.670158,23316.487173
1666.710648,13406.671215,38564.729578,-12287.418637
1666.710965,16164.615008,31458.752535,-28127.825796
1666.711282,10725.336972,15766.386565,-7846.182985
1666.711600,8810.098227,-1702.473667,-9474.636058
1666.711917,1608.800546,-8956.491898,-4441.235652
1666.712234,4519.963438,-28571.949361,19393.395680
1666.712551,-8810.098227,-34345.555709,22798.343014
1666.712869,-9959.241474,-32495.040854,33161.226202
1666.713186,-5515.887586,-30792.567187,40415.244433
1666.713503,-12334.137518,-18727.210333,37750.503042
1666.713821,-8810.098227,-3552.988522,33753.390955
1666.714138,-10035.851024,11473.192101,-3627.009116
1666.714455,1608.800546,20947.828159,4737.318029
1666.714772,306.438199,34863.699868,8512.368333
1666.715090,8733.488677,35085.761651,3849.070898
1666.715407,14709.033562,34049.473332,-11399.171507
1666.715724,12027.699319,26055.249158,-21539.992912
1666.716041,5362.668486,6439.791695,-15470.304188
1666.716359,1455.581446,-12805.562797,-2294.638420
1666.716676,3064.381992,-23760.610738,13175.665768
1666.716993,-4749.792088,-30570.505405,19837.519246
1666.717310,-11108.384721,-31088.649564,25315.043216
1666.717628,-8120.612279,-29978.340651,37084.317694
1666.717945,-6971.469032,-22650.301825,44412.356520
1666.718262,-11644.651570,-11103.089130,36862.255912
1666.718580,-9729.412825,-1924.535449,16802.674883
1666.718897,-3524.039291,15026.180623,-1406.391290
1666.719214,1455.581446,30274.423028,-5403.503377
1666.719531,6741.640382,32198.958477,15840.407159
1666.719849,10801.946522,29978.340651,-4071.132681
1666.720166,16930.710506,36122.049970,-25092.981434
1666.720483,10495.508323,16210.510130,-18801.230927
1666.720800,7967.393179,-2146.597232,-12731.542202
1666.721118,3677.258390,-12657.521608,-8660.409521
1666.721435,6358.592633,-25241.022622,18727.210333
1666.721752,-8580.269578,-35529.885216,21391.951724
1666.722069,-8120.612279,-34715.658680,32717.102636
1666.722387,-6665.030833,-29090.093521,36566.173535
1666.722704,-12027.699319,-21688.034101,37454.420665
1666.723021,-11721.261119,-8216.285956,37158.338288
1666.723339,-5515.887586,11473.192101,0.000000
1666.723656,-1915.238745,19615.457463,-4367.215058
1666.723973,3064.381992,30792.567187,13693.809927
1666.724290,12257.527968,36566.173535,2368.659014
1666.724608,18616.120601,37306.379477,-19319.375086
1666.724925,14632.424012,24426.796086,-20503.704593
1666.725242,12027.699319,8660.409521,-12953.603985
1666.725559,10342.289223,-3256.906145,-15840.407159
1666.725877,5592.497135,-11325.150913,-11695.253884
1666.726194,3753.867940,-30496.484810,32865.143825
1666.726511,-11568.042020,-29756.278868,21836.075289
1666.726828,-2451.505594,-31680.814318,37750.503042
1666.727146,-10189.070123,-26129.269753,38120.606013
1666.727463,-13713.109414,-18653.189738,43005.965230
1666.727780,-11261.603821,-7920.203579,23612.569550
1666.728098,-5822.325785,4145.153275,1110.308913
1666.728415,-459.657299,20873.807564,-3849.070898
1666.728732,4290.134789,38046.585419,12435.459826
1666.729049,13559.890315,38564.729578,-4811.338623
1666.729367,20531.359346,35751.946999,-21095.869347
1666.729684,15781.567259,23686.590144,-15322.262999
1666.730001,5822.325785,3330.926739,-13767.830521
1666.730318,2451.505594,-15396.283594,-8068.244768
1666.730636,7890.783629,-26647.413912,11991.336260
1666.730953,-7354.516781,-33605.349767,22428.240043
1666.731270,-8580.269578,-35899.988187,33383.287984
1666.731587,-5439.278036,-28942.052332,38046.585419
1666.731905,-12870.404366,-19097.313304,39378.956114
1666.732222,-9652.803275,-9770.718434,36714.214723
1666.732539,-9959.241474,11843.295072,3849.070898
1666.732857,383.047749,18949.272115,7105.977043
1666.733174,-2221.676944,29904.320057,-2072.576638
1666.733491,8120.612279,32569.061448,13915.871710
1666.733808,13176.842566,36270.091158,-9474.636058
1666.734126,18539.511052,33161.226202,-21836.075289
1666.734443,10878.556072,13249.686362,-15618.345376
1666.734760,4290.134789,-6143.709319,-7328.038826
1666.735077,5669.106685,-21539.992912,17394.839637
1666.735395,-1455.581446,-27461.640448,10807.006753
1666.735712,-7048.078582,-31458.752535,21095.869347
1666.736029,-8886.707777,-35529.885216,39304.935520
1666.736346,-9422.974625,-26277.310941,40341.223839
1666.736664,-11644.651570,-14434.015869,35381.844028
1666.736981,-10418.898773,-0.000000,20651.745782
1666.737298,-6128.763984,15544.324782,1406.391290
1666.737616,3217.601092,29460.196492,1702.473667
1666.737933,4213.525239,32643.082042,10140.821405
1666.738250,8273.831378,36344.111752,-6365.771101
1666.738567,18845.949251,31162.670158,-12287.418637
1666.738885,9806.022374,23686.590144,-22872.363608
1666.739202,8963.317327,4959.379811,-9104.533087
1666.739519,4213.525239,-6513.812290,-12287.418637
1666.739836,7354.516781,-20355.663405,17764.942608
1666.740154,-2298.286494,-30940.608376,27461.640448
1666.740471,-12257.527968,-33161.226202,25685.146187
1666.740788,-2681.334243,-36936.276506,42561.841665
1666.741105,-12947.013916,-19615.457463,35455.864622
1666.741423,-11874.480219,-11917.315666,41599.573940
1666.741740,-7201.297681,4663.297435,9326.594869
1666.742057,-2681.334243,18875.251521,-6217.729913
1666.742375,3294.210641,31606.793723,74.020594
1666.742692,9882.631924,35529.885216,17394.839637
1666.743009,14325.985813,37010.297100,-14656.077652
1666.743326,16164.615008,29312.155303,-27239.578666
1666.743644,12947.013916,7179.997637,-10288.862594
1666.743961,4749.792088,-5699.585753,-17320.819043
1666.744278,4060.306139,-23242.466579,2442.679609
1666.744595,4136.915689,-32198.958477,21762.054695
1666.744913,-9806.022374,-37676.482448,20133.601622
1666.745230,-5362.668486,-33383.287984,36788.235317
1666.745547,-10342.289223,-21688.034101,37232.358883
1666.745864,-9882.631924,-15026.180623,42635.862259
1666.746182,-12563.966167,-1110.308913,20947.828159
1666.746499,-9806.022374,7105.977043,-3108.864956
1666.746816,-383.047749,20799.786970,1110.308913
1666.747134,3140.991542,32050.917289,14878.139434
1666.747451,10112.460574,32939.164419,-3256.906145
1666.747768,18922.558801,32050.917289,-16210.510130
1666.748085,14709.033562,21391.951724,-17987.004391
1666.748403,7584.345430,3404.947333,-13545.768739
1666.748720,995.924147,-13915.871710,-13693.809927
1666.749037,7431.126331,-22576.281231,16876.695478
1666.749354,-4060.306139,-29534.217086,20799.786970
1666.749672,-9269.755526,-32124.937883,21243.910535
1666.749989,-1685.410096,-33161.226202,40489.265027
1666.750306,-11491.432470,-19023.292709,37232.358883
1666.750623,-10342.289223,-16358.551318,34419.576303
1666.750941,-6894.859482,3997.112087,7328.038826
1666.751258,-229.828649,19615.457463,-148.041188
1666.751575,4826.401637,30052.361245,-296.082377
1666.751893,8044.002729,35677.926404,8142.265362
1666.752210,16317.834107,33309.267390,-9474.636058
1666.752527,17850.025103,29830.299463,-22280.198854
1666.752844,15398.519510,12213.398043,-13989.892304
1666.753162,2987.772442,-2590.720797,-17838.963202
1666.753479,3907.087040,-17468.860231,8956.491898
1666.753796,383.047749,-28275.866984,16580.613101
1666.754113,-9806.022374,-33827.411549,20873.807564
1666.754431,-6818.249932,-36270.091158,40267.203245
1666.754748,-11108.384721,-22354.219448,39452.976709
1666.755065,-9959.241474,-18135.045579,41451.532752
1666.755382,-11568.042020,-2368.659014,22280.198854
1666.755700,-7507.735880,12287.418637,4071.132681
1666.756017,3907.087040,29608.237680,2738.761985
1666.756334,2145.067394,38934.832549,5921.647536
1666.756652,10112.460574,36196.070564,1406.391290
1666.756969,17850.025103,34419.576303,-12435.459826
1666.757286,13789.718964,24796.899057,-22576.281231
1666.757603,6894.859482,2368.659014,-11103.089130
1666.757921,842.705048,-15840.407159,-4293.194464
1666.758238,4213.525239,-22058.137072,13619.789333
1666.758555,-1838.629195,-34937.720462,24870.919651
1666.758872,-11338.213370,-37454.420665,27683.702231
1666.759190,-5209.449386,-34049.473332,42043.697506
1666.759507,-8656.879127,-18949.272115,40489.265027
1666.759824,-11031.775171,-7179.997637,33457.308578
1666.760141,-7890.783629,10140.821405,8882.471304
1666.760459,-2757.943793,23020.404796,-5329.482782
1666.760776,2298.286494,32272.979071,1924.535449
1666.761093,10112.460574,35899.988187,18209.066173
1666.761411,13483.280765,35455.864622,-13101.645173
1666.761728,17007.320056,28275.866984,-25537.104999
1666.762045,13636.499864,7698.141797,-6587.832884
1666.762362,8810.098227,-3552.988522,-8956.491898
1666.762680,-153.219100,-12287.418637,-5995.668130
1666.762997,4903.011187,-28645.969955,26869.475695
1666.763314,-8197.221829,-31902.876100,21095.869347
1666.763631,-7814.174080,-29238.134709,34419.576303
1666.763949,-9346.365076,-24130.713709,39304.935520
1666.764266,-7967.393179,-12287.418637,38120.606013
1666.764583,-8197.221829,-3923.091493,21836.075289
1666.764900,-8963.317327,7624.121203,-4515.256246
1666.765218,1838.629195,17468.860231,1924.535449
1666.765535,3217.601092,35529.885216,5107.421000
1666.765852,11031.775171,36714.214723,-3108.864956
1666.766170,15858.176809,30570.505405,-12805.562797
1666.766487,14709.033562,20651.745782,-15618.345376
1666.766804,7048.078582,1554.432478,-20947.828159
1666.767121,-1532.190996,-18727.210333,-2368.659014
1666.767439,3677.258390,-30718.546593,18653.189738
1666.767756,-5975.544884,-32124.937883,19541.436869
1666.768073,-7507.735880,-34197.514520,28571.949361
1666.768390,-8120.612279,-29312.155303,37380.400071
1666.768708,-9193.145976,-17912.983796,41673.594535
1666.769025,-9652.803275,-6143.709319,28201.846390
1666.769342,-6894.859482,10066.800811,4663.297435
1666.769659,1072.533697,19245.354492,1406.391290
1666.769977,2068.457845,33827.411549,-444.123565
1666.770294,10342.289223,29904.320057,8882.471304
1666.770611,11261.603821,32569.061448,-8882.471304
1666.770929,14632.424012,26647.413912,-21836.075289
1666.771246,11261.603821,5921.647536,-13249.686362
1666.771563,2528.115143,-11843.295072,-10955.047942
1666.771880,3447.429741,-19541.436869,13545.768739
1666.772198,-2221.676944,-28868.031738,18579.169144
1666.772515,-7660.954980,-32717.102636,21836.075289
1666.772832,-5209.449386,-32569.061448,36122.049970
1666.773149,-10265.679673,-22502.260637,36122.049970
1666.773467,-9346.365076,-14952.160028,37084.317694
1666.773784,-9576.193725,2812.782580,20947.828159
1666.774101,-6818.249932,14434.015869,-7476.080014
1666.774418,2451.505594,27461.640448,-2294.638420
1666.774736,6894.859482,32050.917289,18875.251521
1666.775053,9806.022374,35529.885216,-7846.182985
1666.775370,16930.710506,30052.361245,-17838.963202
1666.775687,9959.241474,15766.386565,-13767.830521
1666.776005,9039.926876,-0.000000,-11621.233289
1666.776322,-306.438199,-9400.615463,-13397.727550
1666.776639,6818.249932,-26721.434506,23760.610738
1666.776957,-3600.648841,-34345.555709,28349.887579
1666.777274,-9806.022374,-31236.690752,26573.393318
1666.777591,-4366.744339,-26203.290347,41155.450375
1666.777908,-10035.851024,-13027.624579,37010.297100
1666.778226,-8886.707777,-5329.482782,30348.443622
1666.778543,-5286.058936,9622.677246,2886.803174
1666.778860,-536.266849,23686.590144,-1628.453072
1666.779177,2987.772442,36788.235317,518.144159
1666.779495,11644.651570,33087.205607,11325.150913
1666.779812,15858.176809,32791.123231,-6809.894666
1666.780129,15475.129060,26203.290347,-26499.372724
1666.780446,8350.440928,3256.906145,-16580.613101
1666.780764,1608.800546,-15618.345376,1850.514855
1666.781081,1838.629195,-27535.661042,14434.015869
1666.781398,-4596.572988,-30570.505405,18135.045579
1666.781716,-6281.983084,-30792.567187,29016.072926
1666.782033,-5669.106685,-25389.063811,37602.461854
1666.782350,-9806.022374,-18061.024985,37380.400071
1666.782667,-7814.174080,-7550.100608,36048.029375
1666.782985,-5975.544884,5329.482782,14211.954086
1666.783302,-4519.963438,20207.622217,-5033.400406
1666.783619,1455.581446,29238.134709,0.000000
1666.783936,8350.440928,30348.443622,17912.983796
1666.784254,12027.699319,34271.535115,-9696.697840
1666.784571,14938.862211,30644.525999,-21910.095883
1666.784888,9959.241474,9622.677246,-9622.677246
1666.785205,4903.011187,-5181.441594,-13471.748144
1666.785523,612.876398,-20651.745782,8364.327145
1666.785840,-383.047749,-29830.299463,17172.777854
1666.786157,-5592.497135,-31976.896694,21465.972318
1666.786475,-8197.221829,-31976.896694,32865.143825
1666.786792,-8273.831378,-25463.084405,37380.400071
1666.787109,-8580.269578,-16654.633695,38194.626607
1666.787426,-7277.907231,-1554.432478,25685.146187
1666.787744,-7048.078582,16654.633695,-6217.729913
1666.788061,995.924147,26425.352129,-3923.091493
1666.788378,5669.106685,30052.361245,14582.057057
1666.788695,10112.460574,34123.493926,-7031.956449
1666.789013,17696.806004,29830.299463,-14137.933492
1666.789330,9882.631924,20873.807564,-15100.201217
1666.789647,9499.584175,4737.318029,-11103.089130
1666.789964,5515.887586,-2294.638420,-18653.189738
1666.790282,2374.896044,-16432.571912,8956.491898
1666.790599,-459.657299,-29312.155303,29756.278868
1666.790916,-12180.918418,-31458.752535,23538.548956
1666.791234,-5132.839837,-30570.505405,38786.791361
1666.791551,-12717.185267,-22428.240043,37824.523636
1666.791868,-9346.365076,-17764.942608,39749.059085
1666.792185,-9346.365076,-1406.391290,11695.253884
1666.792503,-6128.763984,11103.089130,-592.164754
1666.792820,-306.438199,27239.578666,-3701.029710
1666.793137,9729.412825,40267.203245,10066.800811
1666.793454,15934.786358,40045.141462,-7402.059420
1666.793772,15934.786358,30940.608376,-22354.219448
1666.794089,15168.690860,13545.768739,-13323.706956
1666.794406,5745.716235,-2886.803174,-18727.210333
1666.794723,1685.410096,-22946.384202,1184.329507
1666.795041,4979.620737,-32791.123231,21317.931130
1666.795358,-7124.688131,-33309.267390,17764.942608
1666.795675,-4903.011187,-30200.402434,36122.049970
1666.795993,-8044.002729,-19245.354492,39601.017897
1666.796310,-10112.460574,-16580.613101,39304.935520
1666.796627,-9882.631924,-1258.350101,27979.784608
1666.796944,-7354.516781,13841.851115,1480.411884
1666.797262,-1532.190996,26499.372724,-4219.173869
1666.797579,919.314598,31310.711347,9252.574275
1666.797896,10572.117872,31088.649564,9030.512492
1666.798213,16088.005458,35011.741057,-14285.974681
1666.798531,15092.081311,22206.178260,-22428.240043
1666.798848,6588.421283,-3849.070898,-6439.791695
1666.799165,536.266849,-23390.507767,5773.606348
1666.799482,-842.705048,-24574.837274,7179.997637
1666.799800,-2451.505594,-33013.185013,23316.487173
1666.800117,-4979.620737,-28942.052332,31310.711347
1666.800434,-7354.516781,-24426.796086,35677.926404
1666.800752,-7814.174080,-15248.242405,39971.120868
1666.801069,-5975.544884,-2812.782580,28645.969955
1666.801386,-4366.744339,11251.130318,5181.441594
1666.801703,1378.971896,18135.045579,1258.350101
1666.802021,2451.505594,30718.546593,-2220.617826
1666.802338,8350.440928,35677.926404,7624.121203
1666.802655,9269.755526,29386.175897,-7698.141797
1666.802972,13483.280765,27313.599260,-14211.954086
1666.803290,12563.966167,10732.986159,-21021.848753
1666.803607,-766.095498,-7994.224174,-11769.274478
1666.803924,1532.190996,-35677.926404,31754.834912
1666.804241,-5592.497135,-32939.164419,12435.459826
1666.804559,-6511.811733,-33457.308578,20355.663405
1666.804876,-6205.373534,-33383.287984,40267.203245
1666.805193,-10801.946522,-16950.716072,37898.544230
1666.805511,-6971.469032,-8808.450710,34345.555709
1666.805828,-6281.983084,5329.482782,17912.983796
1666.806145,-4060.306139,22798.343014,-5847.626942
1666.806462,4060.306139,36122.049970,-7550.100608
1666.806780,9576.193725,28645.969955,18209.066173
1666.807097,8963.317327,29090.093521,-4885.359217
1666.807414,15704.957709,30274.423028,-22206.178260
1666.807731,8886.707777,16654.633695,-16284.530724
1666.808049,8733.488677,-3478.967927,-6883.915261
1666.808366,1762.019645,-9770.718434,-13027.624579
1666.808683,4673.182538,-19689.478057,17912.983796
1666.809000,-6128.763984,-32198.958477,26277.310941
1666.809318,-8503.660028,-28423.908173,29312.155303
1666.809635,-6818.249932,-30348.443622,35825.967593
1666.809952,-12793.794817,-17394.839637,34715.658680
1666.810270,-8503.660028,-10214.842000,34197.514520
1666.810587,-10035.851024,5773.606348,-3997.112087
1666.810904,-2145.067394,16580.613101,-1924.535449
1666.811221,4903.011187,35603.905810,9696.697840
1666.811539,12563.966167,39897.100274,296.082377
1666.811856,18156.463303,36788.235317,-13101.645173
1666.812173,13866.328514,26795.455100,-19985.560434
1666.812490,9806.022374,11103.089130,-17764.942608
1666.812808,6741.640382,-6809.894666,-12361.439231
1666.813125,2068.457845,-22576.281231,10362.883188
1666.813442,1149.143247,-31902.876100,23908.651927
1666.813759,-8044.002729,-30422.464216,23760.610738
1666.814077,-3447.429741,-24722.878463,42339.779882
1666.814394,-10572.117872,-17690.922014,33975.452738
1666.814711,-7584.345430,-15100.201217,35455.864622
1666.815029,-9729.412825,-888.247130,15026.180623
1666.815346,-8044.002729,6069.688724,2368.659014
1666.815663,-1762.019645,22132.157666,-1332.370696
1666.815980,3217.601092,39008.853143,1554.432478
1666.816298,14862.252661,34271.535115,-444.123565
1666.816615,16394.443657,32717.102636,-14804.118840
1666.816932,13942.938064,15026.180623,-18949.272115
1666.817249,2604.724693,-7698.141797,-16358.551318
1666.817567,-995.924147,-30792.567187,20503.704593
1666.817884,-1455.581446,-34049.473332,20207.622217
1666.818201,-5745.716235,-34123.493926,18135.045579
1666.818518,-2528.115143,-32421.020260,37010.297100
1666.818836,-11184.994271,-17764.942608,35974.008781
1666.819153,-5745.716235,-8364.327145,38786.791361
1666.819470,-4596.572988,-74.020594,21465.972318
1666.819788,-5056.230287,13471.748144,2590.720797
1666.820105,2911.162892,27683.702231,2664.741391
1666.820422,2221.676944,37158.338288,2590.720797
1666.820739,10035.851024,28868.031738,4219.173869
1666.821057,10342.289223,26721.434506,-6735.874072
1666.821374,13330.061665,18135.045579,-15766.386565
1666.821691,9422.974625,1036.288319,-23834.631332
1666.822008,-536.266849,-15840.407159,1406.391290
1666.822326,3524.039291,-31014.628970,24352.775492
1666.822643,-5515.887586,-27905.764013,13989.892304
1666.822960,-6588.421283,-33161.226202,29608.237680
1666.823277,-8044.002729,-27609.681637,38342.667796
1666.823595,-9729.412825,-15988.448347,37898.544230
1666.823912,-9422.974625,-3404.947333,25463.084405
1666.824229,-5209.449386,9918.759623,6217.729913
1666.824547,919.314598,22502.260637,-2812.782580
1666.824864,3677.258390,36640.194129,222.061783
1666.825181,13406.671215,29904.320057,9252.574275
1666.825498,14249.376263,30274.423028,-10584.944971
1666.825816,10418.898773,25167.002028,-22354.219448
1666.826133,8044.002729,4071.132681,-8142.265362
1666.826450,5592.497135,-7772.162391,-10214.842000
1666.826767,-1608.800546,-11103.089130,-5181.441594
1666.827085,1455.581446,-25315.043216,28868.031738
1666.827402,-10342.289223,-31902.876100,23242.466579
1666.827719,-7354.516781,-29386.175897,35381.844028
1666.828036,-10418.898773,-23908.651927,36640.194129
1666.828354,-10418.898773,-20059.581028,37380.400071
1666.828671,-9422.974625,-6291.750507,17690.922014
1666.828988,-5822.325785,9030.512492,1702.473667
1666.829306,-842.705048,24352.775492,-2590.720797
1666.829623,6665.030833,41821.635723,10288.862594
1666.829940,13866.328514,40267.203245,-4219.173869
1666.830257,14938.862211,34345.555709,-15322.262999
1666.830575,14402.595362,17764.942608,-13101.645173
1666.830892,7584.345430,666.185348,-19541.436869
1666.831209,689.485948,-19171.333898,-10288.862594
1666.831526,5822.325785,-31236.690752,22354.219448
1666.831844,-6052.154434,-31162.670158,20059.581028
1666.832161,-5592.497135,-30496.484810,27683.702231
1666.832478,-4290.134789,-24204.734303,40415.244433
1666.832795,-9346.365076,-13841.851115,36196.070564
1666.833113,-8656.879127,-12657.521608,34197.514520
1666.833430,-7354.516781,5921.647536,6513.812290
1666.833747,-2221.676944,18949.272115,3330.926739
1666.834065,-1149.143247,32939.164419,-3627.009116
1666.834382,10572.117872,33975.452738,13545.768739
1666.834699,15781.567259,35085.761651,-10658.965565
1666.835016,16317.834107,26351.331535,-23316.487173
1666.835334,14709.033562,3849.070898,-11325.150913
1666.835651,3524.039291,-12139.377449,-16062.468941
1666.835968,6741.640382,-22132.157666,13323.706956
1666.836285,-1378.971896,-28868.031738,13027.624579
1666.836603,-6358.592633,-30570.505405,19911.539840
1666.836920,-5975.544884,-30792.567187,38638.750172
1666.837237,-13330.061665,-18061.024985,35529.885216
1666.837554,-9422.974625,-12731.542202,31458.752535
1666.837872,-7048.078582,814.226536,18727.210333
1666.838189,-5286.058936,11177.109724,3552.988522
1666.838506,1378.971896,29164.114115,-1850.514855
1666.838823,5975.544884,37898.544230,6291.750507
1666.839141,9959.241474,32272.979071,-5847.626942
1666.839458,12180.918418,30200.402434,-14285.974681
1666.839775,11338.213370,13027.624579,-13693.809927
1666.840093,5592.497135,-296.082377,-19541.436869
1666.840410,306.438199,-19615.457463,15470.304188
1666.840727,-1685.410096,-27979.784608,17690.922014
1666.841044,-5286.058936,-31310.711347,18727.210333
1666.841362,-9039.926876,-31310.711347,34937.720462
1666.841679,-10112.460574,-23168.445985,41377.512158
1666.841996,-8427.050478,-15914.427753,38638.750172
1666.842313,-8656.879127,-2220.617826,22872.363608
1666.842631,-3447.429741,14211.954086,1406.391290
1666.842948,3907.087040,25167.002028,222.061783
1666.843265,4903.011187,40045.141462,444.123565
1666.843582,10418.898773,33161.226202,2516.700203
1666.843900,12257.527968,28645.969955,-7105.977043
1666.844217,12334.137518,22354.219448,-19467.416275
1666.844534,7507.735880,1184.329507,-18135.045579
1666.844852,2451.505594,-18727.210333,13249.686362
1666.845169,229.828649,-26277.310941,9844.739029
1666.845486,-3447.429741,-27387.619854,18801.230927
1666.845803,-7967.393179,-34345.555709,34049.473332
1666.846121,-8120.612279,-25092.981434,35307.823433
1666.846438,-5592.497135,-15988.448347,37380.400071
1666.846755,-7124.688131,-5995.668130,29016.072926
1666.847072,-5745.716235,5773.606348,9992.780217
1666.847390,153.219100,17987.004391,3330.926739
1666.847707,2681.334243,33531.329173,-4145.153275
1666.848024,11031.775171,32865.143825,12657.521608
1666.848341,10342.289223,33827.411549,-5551.544565
1666.848659,13253.452115,30792.567187,-22428.240043
1666.848976,12257.527968,8808.450710,-11843.295072
1666.849293,4903.011187,-8734.430116,-12287.418637
1666.849611,3600.648841,-26129.269753,13915.871710
1666.849928,-1608.800546,-31384.731941,16654.633695
1666.850245,-7354.516781,-35529.885216,19023.292709
1666.850562,-6052.154434,-32495.040854,38564.729578
1666.850880,-12027.699319,-20503.704593,37380.400071
1666.851197,-8733.488677,-16654.633695,36566.173535
1666.851514,-7967.393179,-296.082377,19615.457463
1666.851831,-4903.011187,16358.551318,3849.070898
1666.852149,229.828649,30422.464216,-3478.967927
1666.852466,8120.612279,32421.020260,7328.038826
1666.852783,13176.842566,31754.834912,-3997.112087
1666.853100,15168.690860,29978.340651,-18949.272115
1666.853418,12793.794817,14359.995275,-13545.768739
1666.853735,9116.536426,-3923.091493,-14211.954086
1666.854052,4903.011187,-11473.192101,-15396.283594
1666.854370,6741.640382,-22058.137072,20281.642811
1666.854687,-7814.174080,-30200.402434,20873.807564
1666.855004,-8044.002729,-33161.226202,30496.484810
1666.855321,-7737.564530,-25537.104999,35974.008781
1666.855639,-11184.994271,-14285.974681,34567.617491
1666.855956,-9422.974625,-17542.880825,35159.782245
1666.856273,-7507.735880,1332.370696,5625.565159
1666.856590,-2757.943793,17542.880825,1924.535449
1666.856908,2834.553343,40193.182651,-1554.432478
1666.857225,12487.356617,39526.997303,5847.626942
1666.857542,15321.909960,39823.079680,-12583.501014
1666.857859,14555.814462,24426.796086,-20799.786970
1666.858177,14862.252661,7105.977043,-15322.262999
1666.858494,1378.971896,-11621.233289,-14359.995275
1666.858811,4826.401637,-28423.908173,17320.819043
1666.859129,-3524.039291,-34641.638086,17838.963202
1666.859446,-7584.345430,-30792.567187,20577.725188
1666.859763,-6052.154434,-24500.816680,39897.100274
1666.860080,-10189.070123,-13323.706956,42635.862259
1666.860398,-8733.488677,-11399.171507,32569.061448
1666.860715,-5898.935335,3849.070898,16506.592507
1666.861032,-2681.334243,14656.077652,6809.894666
1666.861349,-383.047749,32272.979071,-5403.503377
1666.861667,7124.688131,35974.008781,5181.441594
1666.861984,9346.365076,32569.061448,-4885.359217
1666.862301,14785.643111,29534.217086,-17098.757260
1666.862618,11338.213370,12139.377449,-23834.631332
1666.862936,2068.457845,-10881.027347,-1258.350101
1666.863253,1378.971896,-31014.628970,26055.249158
1666.863570,-7124.688131,-25018.960840,4589.276840
1666.863888,-6205.373534,-30792.567187,21910.095883
1666.864205,-7967.393179,-29164.114115,37972.564825
1666.864522,-7814.174080,-19245.354492,39378.956114
1666.864839,-7354.516781,-7179.997637,28275.866984
1666.865157,-4596.572988,-2368.659014,27757.722825
1666.865474,-2528.115143,13027.624579,7402.059420
1666.865791,4136.915689,33605.349767,-3182.885551
1666.866108,4749.792088,37602.461854,-1924.535449
1666.866426,9729.412825,31236.690752,5033.400406
1666.866743,9806.022374,30052.361245,-12953.603985
1666.867060,9806.022374,18579.169144,-22798.343014
1666.867377,9269.755526,-4737.318029,-16358.551318
1666.867695,2145.067394,-23094.425390,16506.592507
1666.868012,0.000000,-30126.381839,14063.912898
1666.868329,-7431.126331,-32495.040854,16802.674883
1666.868647,-9193.145976,-35381.844028,38194.626607
1666.868964,-12027.699319,-22280.198854,33901.432144
1666.869281,-5898.935335,-12657.521608,39675.038491
1666.869598,-8580.269578,-3701.029710,22798.343014
1666.869916,-4519.963438,9992.780217,4589.276840
1666.870233,2834.553343,25389.063811,2738.761985
1666.870550,4749.792088,37306.379477,4515.256246
1666.870867,12257.527968,33161.226202,-592.164754
1666.871185,12563.966167,32346.999665,-11029.068536
1666.871502,10418.898773,21317.931130,-16284.530724
1666.871819,11874.480219,4219.173869,-17320.819043
1666.872136,5286.058936,-11029.068536,-11177.109724
1666.872454,7354.516781,-26055.249158,16062.468941
1666.872771,-4443.353888,-28497.928767,17912.983796
1666.873088,-11721.261119,-32124.937883,23760.610738
1666.873406,-7431.126331,-31088.649564,41821.635723
1666.873723,-11338.213370,-17542.880825,34345.555709
1666.874040,-10495.508323,-17468.860231,33531.329173
1666.874357,-9116.536426,-3701.029710,11547.212695
1666.874675,-2604.724693,9918.759623,11991.336260
1666.874992,2681.334243,32643.082042,-4219.173869
1666.875309,12257.527968,40341.223839,6143.709319
1666.875626,14709.033562,40859.367998,-12805.562797
1666.875944,14709.033562,28719.990550,-22354.219448
1666.876261,15551.738609,13915.871710,-14878.139434
1666.876578,8273.831378,-3627.009116,-15100.201217
1666.876896,3370.820191,-20503.704593,-6513.812290
1666.877213,5056.230287,-33013.185013,22798.343014
1666.877530,-9116.536426,-28275.866984,19171.333898
1666.877848,-6435.202183,-24870.919651,36196.070564
1666.878165,-11414.822920,-17987.004391,39897.100274
1666.878482,-10572.117872,-15914.427753,33383.287984
1666.878799,-9806.022374,-8882.471304,23168.445985
1666.879117,-6435.202183,1924.535449,14285.974681
1666.879434,-4749.792088,17912.983796,2738.761985
1666.879751,1225.752797,37824.523636,-2590.720797
1666.880069,12257.527968,38712.770767,2368.659014
1666.880386,11414.822920,39452.976709,-17394.839637
1666.880703,12717.185267,20281.642811,-22058.137072
1666.881021,8656.879127,518.144159,-17246.798449
1666.881338,1072.533697,-22132.157666,12879.583391
1666.881655,1685.410096,-28497.928767,13027.624579
1666.881973,-4903.011187,-29904.320057,14211.954086
1666.882290,-7354.516781,-34789.679274,29312.155303
1666.882607,-10495.508323,-26203.290347,40489.265027
1666.882924,-9806.022374,-12509.480420,35751.946999
1666.883242,-8273.831378,-6587.832884,26129.269753
1666.883559,-2451.505594,5995.668130,15026.180623
1666.883876,3524.039291,23686.590144,8512.368333
1666.884194,4826.401637,40563.285622,-5551.544565
1666.884511,8733.488677,34271.535115,6217.729913
1666.884828,10342.289223,30792.567187,-5255.462188
1666.885146,10035.851024,28794.011144,-23094.425390
1666.885463,14709.033562,7031.956449,-18727.210333
1666.885780,5975.544884,-8882.471304,-3923.091493
1666.886098,9882.631924,-32124.937883,25537.104999
1666.886415,-4903.011187,-27831.743419,9474.636058
1666.886732,-4290.134789,-36048.029375,23908.651927
1666.887050,-7737.564530,-32643.082042,39971.120868
1666.887367,-12410.747068,-16358.551318,39230.914926
1666.887684,-8273.831378,-2368.659014,26943.496289
1666.888001,-4366.744339,6809.894666,15766.386565
1666.888319,2221.676944,15840.407159,7402.059420
1666.888636,3447.429741,32346.999665,-2664.741391
1666.888953,13406.671215,30940.608376,12435.459826
1666.889271,9806.022374,33605.349767,-9474.636058
1666.889588,11108.384721,31310.711347,-21910.095883
1666.889905,11338.213370,12361.439231,-10658.965565
1666.890223,6741.640382,-1480.411884,-18283.086767
1666.890540,5286.058936,-18283.086767,7254.018232
1666.890857,1838.629195,-26869.475695,18801.230927
1666.891175,-7737.564530,-35011.741057,19615.457463
1666.891492,-8656.879127,-37158.338288,36270.091158
1666.891809,-15704.957709,-22206.178260,35825.967593
1666.892126,-11491.432470,-16062.468941,37158.338288
1666.892444,-9422.974625,-2368.659014,27461.640448
1666.892761,-7507.735880,7772.162391,3701.029710
1666.893078,4060.306139,20947.828159,4367.215058
1666.893396,4290.134789,40785.347404,5847.626942
1666.893713,12793.794817,38934.832549,-1332.370696
1666.894030,12717.185267,33235.246796,-13545.768739
1666.894348,8503.660028,19467.416275,-19023.292709
1666.894665,9422.974625,4367.215058,-15692.365970
1666.894982,2221.676944,-7624.121203,-11695.253884
1666.895300,4749.792088,-24278.754898,17024.736666
1666.895617,-2681.334243,-36418.132346,23612.569550
1666.895934,-9729.412825,-34937.720462,24352.775492
1666.896252,-5286.058936,-25167.002028,40267.203245
1666.896569,-14325.985813,-10881.027347,29016.072926
1666.896886,-9959.241474,-14211.954086,31606.793723
1666.897203,-7584.345430,592.164754,11029.068536
1666.897521,-4443.353888,12139.377449,10066.800811
1666.897838,-1378.971896,28942.052332,2220.617826
1666.898155,7660.954980,37750.503042,9474.636058
1666.898473,11491.432470,36122.049970,-6365.771101
1666.898790,11108.384721,29090.093521,-20281.642811
1666.899107,13483.280765,11325.150913,-15174.221811
1666.899425,3294.210641,-8438.347739,-17690.922014
1666.899742,5362.668486,-27757.722825,20577.725188
1666.900059,-1302.362347,-29608.237680,8438.347739
1666.900377,-2374.896044,-32939.164419,20651.745782
1666.900694,-3753.867940,-34715.658680,37676.482448
1666.901011,-14785.643111,-14952.160028,32198.958477
1666.901328,-7124.688131,-7624.121203,29312.155303
1666.901646,-3983.696590,-370.102971,21095.869347
1666.901963,0.000000,8512.368333,11547.212695
1666.902280,2145.067394,26943.496289,1998.556043
1666.902598,7048.078582,39897.100274,-2368.659014
1666.902915,11031.775171,30570.505405,-1850.514855
1666.903232,9269.755526,28497.928767,-11843.295072
1666.903550,16777.491406,14359.995275,-18357.107362
1666.903867,8427.050478,1406.391290,-29756.278868
1666.904184,2451.505594,-23538.548956,18135.045579
1666.904502,2528.115143,-31162.670158,20725.766376
1666.904819,-4979.620737,-31014.628970,10140.821405
1666.905136,-3907.087040,-37010.297100,36492.152941
1666.905454,-12180.918418,-19393.395680,39823.079680
1666.905771,-8733.488677,-7550.100608,36048.029375
1666.906088,-7660.954980,3923.091493,20207.622217
1666.906405,-2987.772442,9918.759623,3923.091493
1666.906723,5898.935335,21762.054695,8216.285956
1666.907040,4290.134789,40045.141462,2812.782580
1666.907357,12717.185267,33975.452738,5403.503377
1666.907675,8656.879127,30274.423028,-11029.068536
1666.907992,9729.412825,23242.466579,-16580.613101
1666.908309,11491.432470,4367.215058,-17246.798449
1666.908627,383.047749,-11695.253884,-4441.235652
1666.908944,5669.106685,-28201.846390,25537.104999
1666.909261,-3294.210641,-28719.990550,16580.613101
1666.909579,-7507.735880,-31458.752535,20651.745782
1666.909896,-7584.345430,-31310.711347,40267.203245
1666.910213,-10955.165621,-16580.613101,39675.038491
1666.910530,-8503.660028,-2146.597232,21539.992912
1666.910848,-5286.058936,5921.647536,11843.295072
1666.911165,1838.629195,9918.759623,10955.047942
1666.911482,4136.915689,31828.855506,-592.164754
1666.911800,10648.727422,39156.894332,4441.235652
1666.912117,8503.660028,31680.814318,-4293.194464
1666.912434,8350.440928,28201.846390,-15470.304188
1666.912752,10265.679673,11917.315666,-19467.416275
1666.913069,1378.971896,-3478.967927,-16654.633695
1666.913386,1838.629195,-27535.661042,27905.764013
1666.913704,-3064.381992,-29460.196492,13989.892304
1666.914021,-5209.449386,-34345.555709,15988.448347
1666.914338,-7431.126331,-37380.400071,39823.079680
1666.914655,-13789.718964,-16432.571912,30644.525999
1666.914973,-7584.345430,-6217.729913,28127.825796
1666.915290,-5745.716235,-3997.112087,21169.889941
1666.915607,-3294.210641,11399.171507,10584.944971
1666.915925,1302.362347,28645.969955,0.000000
1666.916242,4903.011187,38120.606013,1406.391290
1666.916559,10801.946522,29016.072926,3404.947333
1666.916877,10572.117872,28423.908173,-12805.562797
1666.917194,8427.050478,15248.242405,-19985.560434
1666.917511,8197.221829,-962.267725,-19097.313304
1666.917829,1915.238745,-16950.716072,2146.597232
1666.918146,6435.202183,-24278.754898,16950.716072
1666.918463,-2834.553343,-32272.979071,17616.901420
1666.918781,-5362.668486,-39008.853143,28423.908173
1666.919098,-9882.631924,-24500.816680,35529.885216
1666.919415,-9422.974625,-12065.356855,38268.647201
1666.919732,-11491.432470,-2072.576638,23686.590144
1666.920050,-4443.353888,10214.842000,9474.636058
1666.920367,3677.258390,18727.210333,7550.100608
1666.920684,3907.087040,39749.059085,-1628.453072
1666.921002,14402.595362,33087.205607,9770.718434
1666.921319,10495.508323,33457.308578,-10140.821405
1666.921636,13176.842566,19097.313304,-19319.375086
1666.921954,11951.089769,6883.915261,-15618.345376
1666.922271,4749.792088,-3701.029710,-14582.057057
1666.922588,3600.648841,-17320.819043,7402.059420
1666.922906,1149.143247,-30126.381839,23094.425390
1666.923223,-6588.421283,-36270.091158,24944.940245
1666.923540,-6511.811733,-33161.226202,41155.450375
1666.923857,-14709.033562,-17838.963202,35085.761651
1666.924175,-12947.013916,-15100.201217,30792.567187
1666.924492,-8810.098227,-3849.070898,17838.963202
1666.924809,-4519.963438,11029.068536,8068.244768
1666.925127,2068.457845,28349.887579,-3478.967927
1666.925444,7354.516781,39749.059085,4441.235652
1666.925761,14862.252661,36418.132346,2664.741391
1666.926079,11108.384721,31680.814318,-20799.786970
1666.926396,13559.890315,11325.150913,-17098.757260
1666.926713,3217.601092,-3849.070898,-16432.571912
1666.927031,536.266849,-24352.775492,16136.489536
1666.927348,-2528.115143,-31236.690752,10362.883188
1666.927665,-3983.696590,-34345.555709,21614.013506
1666.927983,-2451.505594,-31162.670158,40193.182651
1666.928300,-10418.898773,-17172.777854,36788.235317
1666.928617,-6358.592633,-6217.729913,35529.885216
1666.928934,-7814.174080,-2368.659014,21762.054695
1666.929252,-3447.429741,10510.924376,2738.761985
1666.929569,2604.724693,25092.981434,-1480.411884
1666.929886,5362.668486,38712.770767,370.102971
1666.930204,11874.480219,31976.896694,4589.276840
1666.930521,9806.022374,31458.752535,-11325.150913
1666.930838,16471.053207,18431.127956,-20355.663405
1666.931156,7277.907231,1110.308913,-23020.404796
1666.931473,536.266849,-21539.992912,9844.739029
1666.931790,-306.438199,-28645.969955,15544.324782
1666.932108,-4673.182538,-26055.249158,13101.645173
1666.932425,-3753.867940,-33753.390955,31532.773129
1666.932742,-4979.620737,-29164.114115,41229.470969
1666.933059,-8350.440928,-12879.583391,32865.143825
1666.933377,-8044.002729,-2368.659014,25389.063811
1666.933694,-3524.039291,9622.677246,6365.771101
1666.934011,2298.286494,25241.022622,0.000000
1666.934329,536.266849,36714.214723,-2146.597232
1666.934646,10112.460574,32939.164419,14137.933492
1666.934963,10572.117872,34493.596897,-8808.450710
1666.935281,10572.117872,26203.290347,-21688.034101
1666.935598,10878.556072,2738.761985,-6661.853478
1666.935915,0.000000,-11843.295072,-10955.047942
1666.936233,2757.943793,-22206.178260,16432.571912
1666.936550,-5515.887586,-28571.949361,17394.839637
1666.936867,-9576.193725,-33457.308578,23464.528361
1666.937184,-7660.954980,-35529.885216,40785.347404
1666.937502,-12563.966167,-23538.548956,39897.100274
1666.937819,-9806.022374,-11547.212695,36344.111752
1666.938136,-10418.898773,3849.070898,17320.819043
1666.938454,-3907.087040,20503.704593,3627.009116
1666.938771,1378.971896,32050.917289,-5181.441594
1666.939088,9882.631924,40341.223839,10584.944971
1666.939406,11184.994271,37602.461854,-12213.398043
1666.939723,16241.224558,28349.887579,-15026.180623
1666.940040,13866.328514,10658.965565,-11769.274478
1666.940358,8350.440928,-4811.338623,-15100.201217
1666.940675,1225.752797,-12805.562797,-17098.757260
1666.940992,4596.572988,-26795.455100,27091.537477
1666.941310,-8350.440928,-30126.381839,21243.910535
1666.941627,-7737.564530,-33679.370361,32865.143825
1666.941944,-4290.134789,-26647.413912,43079.985824
1666.942261,-8656.879127,-11991.336260,31828.855506
1666.942579,-5286.058936,-9770.718434,35603.905810
1666.942896,-5669.106685,5625.565159,6069.688724
1666.943213,-2604.724693,16062.468941,-2368.659014
1666.943531,76.609550,39304.935520,-1406.391290
1666.943848,13483.280765,40119.162056,5625.565159
1666.944165,17466.977354,39897.100274,-15174.221811
1666.944483,17390.367805,19467.416275,-16876.695478
1666.944800,13713.109414,1998.556043,-16210.510130
1666.945117,1072.533697,-17764.942608,-7254.018232
1666.945435,612.876398,-31310.711347,12879.583391
1666.945752,-3830.477490,-35455.864622,18727.210333
1666.946069,-7277.907231,-31088.649564,24500.816680
1666.946386,-7584.345430,-19393.395680,35233.802839
1666.946704,-8273.831378,-15396.283594,43672.150578
1666.947021,-9116.536426,-9030.512492,29830.299463
1666.947338,-4443.353888,3108.864956,17394.839637
1666.947656,-766.095498,16728.654289,7624.121203
1666.947973,-2834.553343,33827.411549,-9104.533087
1666.948290,6358.592633,34345.555709,7994.224174
1666.948608,8273.831378,34567.617491,-3775.050304
1666.948925,12870.404366,31236.690752,-24204.734303
1666.949242,14709.033562,10955.047942,-18061.024985
1666.949560,4596.572988,-13545.768739,-1110.308913
1666.949877,1378.971896,-33975.452738,20947.828159
1666.950194,-7967.393179,-26055.249158,4441.235652
1666.950512,-8120.612279,-37010.297100,23094.425390
1666.950829,-7584.345430,-34641.638086,39304.935520
1666.951146,-10112.460574,-17616.901420,34641.638086
1666.951463,-6741.640382,-7328.038826,28942.052332
1666.951781,-4673.182538,2368.659014,22502.260637
1666.952098,-1225.752797,18283.086767,8364.327145
1666.952415,3830.477490,30570.505405,-5329.482782
1666.952733,4749.792088,35603.905810,6291.750507
1666.953050,8350.440928,31162.670158,-7031.956449
1666.953367,10265.679673,28423.908173,-19837.519246
1666.953685,12410.747068,13693.809927,-8808.450710
1666.954002,10112.460574,-3034.844362,-14804.118840
1666.954319,4673.182538,-16654.633695,1776.494261
1666.954637,2528.115143,-27091.537477,18875.251521
1666.954954,-9959.241474,-28423.908173,17912.983796
1666.955271,-12410.747068,-35085.761651,32421.020260
1666.955588,-9346.365076,-24056.693115,38416.688390
1666.955906,-7660.954980,-16580.613101,38268.647201
1666.956223,-9039.926876,-9400.615463,33013.185013
1666.956540,-7124.688131,7846.182985,8586.388927
1666.956858,3064.381992,26573.393318,10881.027347
1666.957175,6511.811733,43968.232955,-4811.338623
1666.957492,16471.053207,37972.564825,3330.926739
1666.957810,13100.233016,35603.905810,-13841.851115
1666.958127,12410.747068,24056.693115,-21910.095883
1666.958444,12717.185267,6217.729913,-18061.024985
1666.958762,5592.497135,-14285.974681,-8216.285956
1666.959079,5669.106685,-26425.352129,12213.398043
1666.959396,-6205.373534,-31532.773129,16506.592507
1666.959713,-11797.870669,-34345.555709,30422.464216
1666.960031,-8886.707777,-28423.908173,40193.182651
1666.960348,-11184.994271,-16284.530724,34715.658680
1666.960665,-8886.707777,-16950.716072,36566.173535
1666.960983,-9269.755526,-444.123565,14137.933492
1666.961300,-4443.353888,13397.727550,10955.047942
1666.961617,306.438199,30126.381839,222.061783
1666.961935,7737.564530,37602.461854,8216.285956
1666.962252,13406.671215,40637.306216,-11325.150913
1666.962569,14785.643111,31162.670158,-21465.972318
1666.962887,17313.758255,8290.306550,-10584.944971
1666.963204,6128.763984,-6957.935855,-18579.169144
1666.963521,6665.030833,-20503.704593,666.185348
1666.963839,3753.867940,-30940.608376,19541.436869
1666.964156,-7277.907231,-30718.546593,18653.189738
1666.964473,-5898.935335,-28645.969955,36270.091158
1666.964790,-10418.898773,-15248.242405,34715.658680
1666.965108,-9346.365076,-13619.789333,33827.411549
1666.965425,-4826.401637,-7179.997637,30570.505405
1666.965742,-3064.381992,8364.327145,10732.986159
1666.966060,2068.457845,24426.796086,6957.935855
1666.966377,3830.477490,39378.956114,-4367.215058
1666.966694,12717.185267,34123.493926,3256.906145
1666.967012,11338.213370,36492.152941,-18431.127956
1666.967329,14019.547613,16358.551318,-16284.530724
1666.967646,11108.384721,-518.144159,-21021.848753
1666.967964,842.705048,-18431.127956,-2590.720797
1666.968281,5439.278036,-28794.011144,20503.704593
1666.968598,-9346.365076,-35529.885216,16506.592507
1666.968915,-7124.688131,-38786.791361,35751.946999
1666.969233,-14632.424012,-24722.878463,34715.658680
1666.969550,-11797.870669,-15766.386565,42043.697506
1666.969867,-13253.452115,-7402.059420,26943.496289
1666.970185,-8580.269578,8956.491898,10584.944971
1666.970502,2221.676944,18949.272115,16062.468941
1666.970819,689.485948,42635.862259,-2368.659014
1666.971137,10495.508323,35899.988187,962.267725
1666.971454,7507.735880,33309.267390,-14063.912898
1666.971771,11721.261119,23168.445985,-18801.230927
1666.972089,10418.898773,3034.844362,-17542.880825
1666.972406,2451.505594,-12879.583391,-10584.944971
1666.972723,6205.373534,-26721.434506,20355.663405
1666.973041,-6971.469032,-29460.196492,14063.912898
1666.973358,-8580.269578,-34271.535115,26647.413912
1666.973675,-7354.516781,-29904.320057,43005.965230
1666.973992,-14709.033562,-13693.809927,33457.308578
1666.974310,-10648.727422,-14582.057057,35529.885216
1666.974627,-8886.707777,888.247130,19689.478057
1666.974944,-4136.915689,15248.242405,3552.988522
1666.975262,5056.230287,35233.802839,1036.288319
1666.975579,14402.595362,42265.759288,10140.821405
1666.975896,16088.005458,40341.223839,-14434.015869
1666.976213,16088.005458,29534.217086,-23760.610738
1666.976531,16700.881856,12065.356855,-15470.304188
1666.976848,10418.898773,-1184.329507,-18061.024985
1666.977165,5975.544884,-15692.365970,-10288.862594
1666.977483,4519.963438,-35233.802839,30200.402434
1666.977800,-11108.384721,-32124.937883,18579.169144
1666.978117,-5132.839837,-27831.743419,38416.688390
1666.978434,-9882.631924,-20281.642811,41599.573940
1666.978752,-11261.603821,-13619.789333,36936.276506
1666.979069,-8044.002729,-11991.336260,24648.857869
1666.979386,-5898.935335,4811.338623,11917.315666
1666.979703,-1455.581446,18283.086767,8956.491898
1666.980021,3370.820191,43154.006419,-4885.359217
1666.980338,14938.862211,45522.665433,-2220.617826
1666.980655,17543.586904,39156.894332,-16432.571912
1666.980973,14479.204912,18505.148550,-23020.404796
1666.981290,9269.755526,-4441.235652,-24056.693115
1666.981607,-2298.286494,-27387.619854,10881.027347
1666.981924,919.314598,-33457.308578,15544.324782
1666.982242,-5439.278036,-35159.782245,15322.262999
1666.982559,-4519.963438,-39675.038491,37232.358883
1666.982876,-10572.117872,-21984.116477,37306.379477
1666.983194,-7431.126331,-9696.697840,38194.626607
1666.983511,-8350.440928,-5181.441594,26129.269753
1666.983828,-4596.572988,4885.359217,14878.139434
1666.984145,2221.676944,22132.157666,9770.718434
1666.984463,1072.533697,46632.974346,-8512.368333
1666.984780,10955.165621,34123.493926,5921.647536
1666.985097,9116.536426,34123.493926,-9696.697840
1666.985414,12257.527968,21688.034101,-20503.704593
1666.985732,15934.786358,296.082377,-19393.395680
1666.986049,2987.772442,-12509.480420,-11473.192101
1666.986366,9882.631924,-35011.741057,27979.784608
1666.986684,-10265.679673,-30274.423028,12509.480420
1666.987001,-5515.887586,-41229.470969,24278.754898
1666.987318,-8886.707777,-28127.825796,38860.811955
1666.987635,-12334.137518,-13101.645173,39971.120868
1666.987953,-11491.432470,-4589.276840,28868.031738
1666.988270,-6741.640382,5181.441594,11029.068536
1666.988587,1225.752797,18283.086767,13175.665768
1666.988905,1838.629195,38416.688390,2146.597232
1666.989222,13789.718964,36566.173535,7846.182985
1666.989539,11184.994271,38046.585419,-16062.468941
1666.989856,10878.556072,26943.496289,-22872.363608
1666.990174,12410.747068,4441.235652,-13471.748144
1666.990491,5669.106685,-9178.553681,-18431.127956
1666.990808,7584.345430,-18283.086767,10881.027347
1666.991125,-3830.477490,-31162.670158,18505.148550
1666.991443,-10955.165621,-35603.905810,19171.333898
1666.991760,-7890.783629,-30200.402434,39897.100274
1666.992077,-16700.881856,-16950.716072,35825.967593
1666.992395,-14096.157163,-15766.386565,37898.544230
1666.992712,-10189.070123,-7254.018232,24648.857869
1666.993029,-5592.497135,13101.645173,7105.977043
1666.993346,4060.306139,30126.381839,2812.782580
1666.993664,7124.688131,45522.665433,3701.029710
1666.993981,14632.424012,40637.306216,-10732.986159
1666.994298,16930.710506,31458.752535,-17690.922014
1666.994616,13713.109414,13545.768739,-16506.592507
1666.994933,5592.497135,-3478.967927,-18283.086767
1666.995250,6818.249932,-21317.931130,-3256.906145
1666.995567,3907.087040,-29756.278868,21095.869347
1666.995885,-8810.098227,-33013.185013,23390.507767
1666.996202,-4903.011187,-33383.287984,39675.038491
1666.996519,-9499.584175,-18949.272115,37528.441259
1666.996836,-8427.050478,-7846.182985,33753.390955
1666.997154,-6894.859482,-12657.521608,26203.290347
1666.997471,-5286.058936,-2072.576638,10510.924376
1666.997788,383.047749,15988.448347,9548.656652
1666.998106,4749.792088,45004.521274,-7698.141797
1666.998423,13100.233016,39526.997303,-2442.679609
1666.998740,11338.213370,36640.194129,-16802.674883
1666.999057,17237.148705,16728.654289,-19171.333898
1666.999375,10265.679673,-1184.329507,-20947.828159
1666.999692,-689.485948,-24426.796086,7328.038826
1667.000009,3907.087040,-36788.235317,20059.581028
1667.000327,-1915.238745,-29756.278868,13323.706956
1667.000644,-2987.772442,-37676.482448,34123.493926
1667.000961,-7967.393179,-23020.404796,39452.976709
1667.001278,-7737.564530,-7476.080014,35603.905810
1667.001596,-6741.640382,-1110.308913,24352.775492
1667.001913,919.314598,10510.924376,11991.336260
1667.002230,3907.087040,27387.619854,3775.050304
1667.002547,3370.820191,41599.573940,-4145.153275
1667.002865,8427.050478,30792.567187,10807.006753
1667.003182,4596.572988,29090.093521,-13693.809927
1667.003499,8350.440928,16950.716072,-21169.889941
1667.003817,12947.013916,-3330.926739,-19467.416275
1667.004134,-842.705048,-16284.530724,-3108.864956
1667.004451,5056.230287,-37602.461854,31458.752535
1667.004768,-9882.631924,-30052.361245,11399.171507
1667.005086,-6588.421283,-40933.388593,26277.310941
1667.005403,-12947.013916,-29830.299463,37232.358883
1667.005720,-14325.985813,-13323.706956,45226.583056
1667.006038,-13713.109414,-1332.370696,25685.146187
1667.006355,-11184.994271,7328.038826,-1628.453072
1667.006672,995.924147,24056.693115,15100.201217
1667.006989,-1455.581446,40415.244433,-1110.308913
1667.007307,6971.469032,31532.773129,814.226536
1667.007624,3447.429741,24056.693115,-10732.986159
1667.007941,4136.915689,17024.736666,-16654.633695
1667.008258,1302.362347,3108.864956,-23390.507767
1667.008576,76.609550,-19467.416275,888.247130
1667.008893,2987.772442,-30496.484810,30348.443622
1667.009210,-7890.783629,-28571.949361,15026.180623
1667.009528,-12104.308868,-34049.473332,18653.189738
1667.009845,-12334.137518,-26055.249158,37898.544230
1667.010162,-9729.412825,-10881.027347,35974.008781
1667.010479,-11184.994271,-7105.977043,29978.340651
1667.010797,-7507.735880,1554.432478,3182.885551
1667.011114,1225.752797,17394.839637,74.020594
1667.011431,-2451.505594,35677.926404,-17987.004391
1667.011749,12410.747068,31532.773129,4811.338623
1667.012066,5209.449386,23834.631332,-22946.384202
1667.012383,5515.887586,19097.313304,-27683.702231
1667.012700,2528.115143,-8438.347739,6661.853478
1667.013018,-4903.011187,-28423.908173,24870.919651
1667.013335,-3753.867940,-36788.235317,18949.272115
1667.013652,-4826.401637,-32495.040854,20799.786970
1667.013969,-1149.143247,-21465.972318,33975.452738
1667.014287,-5362.668486,-10288.862594,33901.432144
1667.014604,-4060.306139,4885.359217,20281.642811
1667.014921,459.657299,7105.977043,1998.556043
1667.015239,-536.266849,12953.603985,3552.988522
1667.015556,-229.828649,14804.118840,5847.626942
1667.015873,-4673.182538,11325.150913,-5033.400406
1667.016190,-1072.533697,11399.171507,-13545.768739
1667.016508,229.828649,5625.565159,-2294.638420
1667.016825,689.485948,-5403.503377,8216.285956
1667.017142,76.609550,-14508.036463,19837.519246
1667.017460,-306.438199,-23908.651927,18061.024985
1667.017777,4213.525239,-18949.272115,19319.375086
1667.018094,5439.278036,-8216.285956,22650.301825
1667.018411,2298.286494,-8808.450710,17172.777854
1667.018729,2068.457845,-2886.803174,8734.430116
1667.019046,3600.648841,6957.935855,7476.080014
1667.019363,0.000000,11103.089130,4737.318029
1667.019680,1072.533697,6143.709319,2960.823768
1667.019998,-1455.581446,7179.997637,-148.041188
1667.020315,-1991.848295,2590.720797,4737.318029
1667.020632,-3447.429741,-444.123565,4885.359217
1667.020950,-4060.306139,-1480.411884,3108.864956
1667.021267,-3370.820191,-4737.318029,5255.462188
1667.021584,-1149.143247,-6587.832884,16284.530724
1667.021901,689.485948,-10362.883188,17838.963202
1667.022219,3600.648841,-1776.494261,16432.571912
1667.022536,3983.696590,-4219.173869,15026.180623
1667.022853,-2374.896044,-4589.276840,12583.501014
1667.023171,-3907.087040,-6069.688724,11917.315666
1667.023488,-689.485948,962.267725,11769.274478
1667.023805,-2451.505594,3256.906145,6809.894666
1667.024122,-766.095498,3701.029710,4589.276840
1667.024440,-1302.362347,3404.947333,3404.947333
1667.024757,-3983.696590,2738.761985,4145.153275
1667.025074,-1685.410096,3923.091493,8364.327145
1667.025391,-4366.744339,1406.391290,6883.915261
1667.025709,-6281.983084,-2442.679609,6439.791695
1667.026026,-5822.325785,-5403.503377,11399.171507
1667.026343,-4826.401637,-6957.935855,17542.880825
1667.026661,-5132.839837,-6513.812290,16432.571912
1667.026978,-2451.505594,-11325.150913,20355.663405
1667.027295,-3600.648841,-9474.636058,15026.180623
1667.027612,-3907.087040,-3034.844362,12509.480420
1667.027930,-1991.848295,1110.308913,10436.903782
1667.028247,-1072.533697,3404.947333,5921.647536
1667.028564,306.438199,4293.194464,7328.038826
1667.028882,-1302.362347,7105.977043,3775.050304
1667.029199,-2834.553343,5995.668130,4219.173869
1667.029516,-4519.963438,2368.659014,7254.018232
1667.029833,-1838.629195,-2368.659014,12657.521608
1667.030151,-2221.676944,-6513.812290,8068.244768
1667.030468,-3064.381992,-8438.347739,12361.439231
1667.030785,-1608.800546,-11843.295072,21169.889941
1667.031102,-919.314598,-7624.121203,14730.098246
1667.031420,2911.162892,-2368.659014,11621.233289
1667.031737,3600.648841,1628.453072,11769.274478
1667.032054,919.314598,2664.741391,6513.812290
1667.032372,1302.362347,6217.729913,-666.185348
1667.032689,995.924147,6513.812290,1480.411884
1667.033006,0.000000,2442.679609,7031.956449
1667.033323,459.657299,-1628.453072,9548.656652
1667.033641,-1149.143247,-4885.359217,9104.533087
1667.033958,-2757.943793,-7402.059420,11251.130318
1667.034275,-2374.896044,-8660.409521,12879.583391
1667.034593,-1838.629195,-9400.615463,11399.171507
1667.034910,383.047749,-7624.121203,10732.986159
1667.035227,1455.581446,-3034.844362,10807.006753
1667.035544,306.438199,3404.947333,8216.285956
1667.035862,1072.533697,2960.823768,7550.100608
1667.036179,919.314598,1406.391290,7994.224174
1667.036496,-383.047749,814.226536,5107.421000
1667.036813,-995.924147,2220.617826,4219.173869
1667.037131,-2145.067394,-518.144159,5181.441594
1667.037448,-689.485948,-6439.791695,10140.821405
1667.037765,-1378.971896,-6883.915261,10214.842000
1667.038083,-2528.115143,-5699.585753,9474.636058
1667.038400,-4366.744339,-7179.997637,10362.883188
1667.038717,-4903.011187,-9030.512492,13101.645173
1667.039034,-3983.696590,-7994.224174,13471.748144
1667.039352,-2757.943793,-4663.297435,12953.603985
1667.039669,-1532.190996,-1998.556043,12287.418637
1667.039986,-689.485948,-0.000000,11769.274478
1667.040304,-229.828649,740.205942,10362.883188
1667.040621,842.705048,1628.453072,6587.832884
1667.040938,995.924147,4885.359217,2220.617826
1667.041255,2145.067394,3775.050304,2368.659014
1667.041573,2145.067394,-0.000000,2886.803174
1667.041890,1302.362347,-4071.132681,5847.626942
1667.042207,-1378.971896,-7624.121203,9844.739029
1667.042525,-3447.429741,-9548.656652,13693.809927
1667.042842,-4826.401637,-9474.636058,15322.262999
1667.043159,-4903.011187,-7179.997637,15544.324782
1667.043476,-4290.134789,-4589.276840,14730.098246
1667.043794,-4136.915689,-370.102971,11917.315666
1667.044111,-1685.410096,2368.659014,10584.944971
1667.044428,-153.219100,3849.070898,8586.388927
1667.044745,459.657299,3552.988522,6291.750507
1667.045063,536.266849,3108.864956,7105.977043
1667.045380,0.000000,2442.679609,5699.585753
1667.045697,0.000000,888.247130,5699.585753
1667.046015,-536.266849,-1776.494261,8364.327145
1667.046332,-1378.971896,-3330.926739,9696.697840
1667.046649,-2528.115143,-3552.988522,8882.471304
1667.046966,-3753.867940,-4293.194464,9400.615463
1667.047284,-4060.306139,-5551.544565,11843.295072
1667.047601,-4060.306139,-5551.544565,12731.542202
1667.047918,-3677.258390,-4959.379811,12657.521608
1667.048236,-3753.867940,-3552.988522,12657.521608
1667.048553,-2528.115143,-814.226536,12731.542202
1667.048870,-1685.410096,1628.453072,10732.986159
1667.049187,-1149.143247,2146.597232,9696.697840
1667.049505,-1685.410096,2516.700203,9548.656652
1667.049822,-1838.629195,2812.782580,7624.121203
1667.050139,-1302.362347,2738.761985,7846.182985
1667.050456,0.000000,1036.288319,7920.203579
1667.050774,1302.362347,-1998.556043,8734.430116
1667.051091,1225.752797,-3849.070898,8808.450710
1667.051408,842.705048,-5477.523971,9696.697840
1667.051726,1072.533697,-5847.626942,10510.924376
1667.052043,1532.190996,-4737.318029,10955.047942
